#usda 1.0
(
    endTimeCode = 3.5374414
    startTimeCode = 0
    timeCodesPerSecond = 1
    upAxis = "Y"
)

def Xform "Sketch"
{
    string tiltBrush:release = "18.5"
    string tiltBrush:sketchFilePath = "C:/Users/satish.goda/Documents/Tilt Brush/Sketches/Untitled_8.tilt"
    string tiltBrush:sketchName = "Untitled_8"
    string tiltBrush:toolkitVersion = "16.0"
    matrix4d xformOp:transform = ( (1, 0, 0, 0), (0, 1, 0, 0), (0, 0, 1, 0), (0, 0, 0, 1) )
    uniform token[] xformOpOrder = ["xformOp:transform"]

    def Camera "VideoCamera"
    {
        float2 clippingRange = (0.010000001, 1000)
        uniform float eyeScale = 1
        float focalLength = 7.0237117
        float focusDistance = 0
        float fStop = 0
        float horizontalAperture = 20.955
        float horizontalApertureOffset = 0
        token projection = "perspective"
        uniform token stereoRole = "mono"
        float verticalAperture = 11.787188
        float verticalApertureOffset = 0
        matrix4d xformOp:transform = ( (1, 0, 0, 0), (0, 1, 0, 0), (0, 0, 1, 0), (0, 0, 0, 1) )
        matrix4d xformOp:transform.timeSamples = {
            0.0235533: ( (0.9667838215827942, -0.09082473814487457, -0.23891404271125793, 0), (-0.04120982810854912, 0.8671160936355591, -0.49639856815338135, 0), (0.2522514760494232, 0.48975569009780884, 0.8345708847045898, 0), (0.11549317836761475, 1.2766127586364746, 0.20172443985939026, 1) ),
            0.0777138: ( (0.9668240547180176, -0.09039349108934402, -0.23891465365886688, 0), (-0.04165669530630112, 0.8669813871383667, -0.4965965151786804, 0), (0.2520236372947693, 0.4900738596916199, 0.8344529867172241, 0), (0.11538397520780563, 1.2764205932617188, 0.20159481465816498, 1) ),
            0.1093437: ( (0.9668611288070679, -0.09004209190607071, -0.23889762163162231, 0), (-0.04202946648001671, 0.8668368458747864, -0.49681729078292847, 0), (0.2518197298049927, 0.49039405584335327, 0.8343263864517212, 0), (0.11529622226953506, 1.276260495185852, 0.2014603167772293, 1) ),
            0.1417596: ( (0.9668952226638794, -0.08973221480846405, -0.2388761341571808, 0), (-0.0423753596842289, 0.8666690587997437, -0.497080534696579, 0), (0.2516306936740875, 0.49074724316596985, 0.8341758251190186, 0), (0.11523079127073288, 1.276114821434021, 0.2012759894132614, 1) ),
            0.1739825: ( (0.9669623374938965, -0.08942022919654846, -0.23872128129005432, 0), (-0.042680054903030396, 0.8664509057998657, -0.49743473529815674, 0), (0.2513209879398346, 0.4911893308162689, 0.8340089917182922, 0), (0.11518136411905289, 1.275978684425354, 0.20106981694698334, 1) ),
            0.2035739: ( (0.9670250415802002, -0.08912306278944016, -0.2385786771774292, 0), (-0.04298711568117142, 0.8662142753601074, -0.49782025814056396, 0), (0.25102749466896057, 0.4916604161262512, 0.8338197469711304, 0), (0.11514508724212646, 1.2758409976959229, 0.20085649192333221, 1) ),
            0.230871: ( (0.9670731425285339, -0.08888357132673264, -0.2384728342294693, 0), (-0.0432712659239769, 0.8659601211547852, -0.4982375502586365, 0), (0.25079309940338135, 0.4921511113643646, 0.8336006999015808, 0), (0.11513179540634155, 1.27570378780365, 0.20064519345760345, 1) ),
            0.2572905: ( (0.967117190361023, -0.08867575228214264, -0.23837162554264069, 0), (-0.04352951794862747, 0.8657065629959106, -0.4986555576324463, 0), (0.25057852268218994, 0.49263453483581543, 0.8333796262741089, 0), (0.11510800570249557, 1.275565505027771, 0.20044691860675812, 1) ),
            0.2892762: ( (0.9671503901481628, -0.08848649263381958, -0.23830702900886536, 0), (-0.04378712177276611, 0.8654588460922241, -0.49906280636787415, 0), (0.2504052221775055, 0.493103563785553, 0.8331543207168579, 0), (0.11508623510599136, 1.2754286527633667, 0.20026962459087372, 1) ),
            0.3237102: ( (0.9671321511268616, -0.08832170814275742, -0.2384423315525055, 0), (-0.044130273163318634, 0.8652033805847168, -0.499475359916687, 0), (0.2504156231880188, 0.4935811758041382, 0.8328683376312256, 0), (0.11507070064544678, 1.2752801179885864, 0.20012830197811127, 1) ),
            0.3499802: ( (0.9671151638031006, -0.08811448514461517, -0.2385876327753067, 0), (-0.044514358043670654, 0.8649500608444214, -0.4998798370361328, 0), (0.25041303038597107, 0.49406197667121887, 0.832584023475647, 0), (0.11504705250263214, 1.2751269340515137, 0.19998030364513397, 1) ),
            0.3895721: ( (0.9671086668968201, -0.08788760006427765, -0.238697811961174, 0), (-0.04489515721797943, 0.8647007942199707, -0.5002768635749817, 0), (0.2503703236579895, 0.49453842639923096, 0.8323138952255249, 0), (0.11504802852869034, 1.2749853134155273, 0.19981883466243744, 1) ),
            0.406469: ( (0.9669860601425171, -0.087981678545475, -0.23915937542915344, 0), (-0.045165713876485825, 0.8644765615463257, -0.5006399154663086, 0), (0.25079479813575745, 0.49491360783576965, 0.831963062286377, 0), (0.11507625877857208, 1.2749098539352417, 0.19970890879631042, 1) ),
            0.437072: ( (0.9669638276100159, -0.0878385454416275, -0.23930174112319946, 0), (-0.04548764228820801, 0.8642324805259705, -0.5010319948196411, 0), (0.2508222460746765, 0.49536511301994324, 0.8316860198974609, 0), (0.11508553475141525, 1.274786114692688, 0.19953013956546783, 1) ),
            0.463049: ( (0.9669569730758667, -0.0876350998878479, -0.2394040822982788, 0), (-0.04583504796028137, 0.8640005588531494, -0.5014004111289978, 0), (0.2507854998111725, 0.4958057105541229, 0.8314346075057983, 0), (0.11510797590017319, 1.274660348892212, 0.19934143126010895, 1) ),
            0.4909589: ( (0.9669642448425293, -0.08744566887617111, -0.2394442856311798, 0), (-0.04614485055208206, 0.8637546896934509, -0.5017952919006348, 0), (0.2507009506225586, 0.4962671995162964, 0.8311846256256104, 0), (0.11514461040496826, 1.2745527029037476, 0.19914421439170837, 1) ),
            0.5231604: ( (0.9669684767723083, -0.08729884028434753, -0.2394806444644928, 0), (-0.04642002284526825, 0.8634997010231018, -0.5022085905075073, 0), (0.25063368678092957, 0.4967365860939026, 0.8309245109558105, 0), (0.1151905283331871, 1.2744637727737427, 0.19894953072071075, 1) ),
            0.5588215: ( (0.9669654965400696, -0.08714655041694641, -0.239547997713089, 0), (-0.04669947922229767, 0.8632772564888, -0.5025649666786194, 0), (0.2505931556224823, 0.4971497654914856, 0.8306896090507507, 0), (0.11524701118469238, 1.2743924856185913, 0.19875168800354004, 1) ),
            0.5903542: ( (0.9669883251190186, -0.08696430921554565, -0.23952192068099976, 0), (-0.046958282589912415, 0.8630507588386536, -0.5029298067092896, 0), (0.2504565119743347, 0.4975748062133789, 0.8304762840270996, 0), (0.11532242596149445, 1.2743290662765503, 0.19851148128509521, 1) ),
            0.6243125: ( (0.9670063257217407, -0.08680646121501923, -0.2395068258047104, 0), (-0.047195736318826675, 0.8628354072570801, -0.5032768845558167, 0), (0.25034263730049133, 0.497975617647171, 0.8302703499794006, 0), (0.1154087707400322, 1.2742825746536255, 0.19828301668167114, 1) ),
            0.6606217: ( (0.9670155048370361, -0.08664537221193314, -0.2395281195640564, 0), (-0.04744016379117966, 0.8626490831375122, -0.5035731792449951, 0), (0.25026100873947144, 0.49832630157470703, 0.8300846219062805, 0), (0.11550821363925934, 1.2742375135421753, 0.19804447889328003, 1) ),
            0.6962216: ( (0.9670480489730835, -0.08647725731134415, -0.239457368850708, 0), (-0.047644149512052536, 0.8624597787857056, -0.5038781762123108, 0), (0.2500963509082794, 0.4986831545829773, 0.8299198746681213, 0), (0.11561955511569977, 1.2741931676864624, 0.19778607785701752, 1) ),
            0.7261536: ( (0.9670835137367249, -0.08630460500717163, -0.2393762618303299, 0), (-0.04783935472369194, 0.8622846007347107, -0.5041593909263611, 0), (0.2499217391014099, 0.4990158677101135, 0.8297724723815918, 0), (0.11575444042682648, 1.2741477489471436, 0.19754233956336975, 1) ),
            0.7575143: ( (0.9671094417572021, -0.08612784743309021, -0.23933541774749756, 0), (-0.04804859310388565, 0.8621300458908081, -0.5044037103652954, 0), (0.24978144466876984, 0.4993132948875427, 0.8296357989311218, 0), (0.11588116735219955, 1.2740962505340576, 0.19731025397777557, 1) ),
            0.7900019: ( (0.9671524167060852, -0.08595310896635056, -0.23922431468963623, 0), (-0.04821609705686569, 0.8619820475578308, -0.5046407580375671, 0), (0.24958251416683197, 0.49959900975227356, 0.8295236825942993, 0), (0.11601503193378448, 1.2740371227264404, 0.19705213606357574, 1) ),
            0.8258778: ( (0.9671943187713623, -0.08577082306146622, -0.23912043869495392, 0), (-0.04839060455560684, 0.8618401885032654, -0.5048663020133972, 0), (0.24938639998435974, 0.499875009059906, 0.8294163942337036, 0), (0.11614701896905899, 1.273957371711731, 0.19680683314800262, 1) ),
            0.8587627: ( (0.9672384858131409, -0.08558332175016403, -0.2390090376138687, 0), (-0.048562660813331604, 0.8617040514945984, -0.5050820112228394, 0), (0.24918165802955627, 0.5001416206359863, 0.8293170928955078, 0), (0.11628194153308868, 1.273864984512329, 0.19656746089458466, 1) ),
            0.8943066: ( (0.9673101902008057, -0.08536047488451004, -0.238798126578331, 0), (-0.04871377348899841, 0.8615667819976807, -0.5053015947341919, 0), (0.24887330830097198, 0.5004161596298218, 0.8292441368103027, 0), (0.11641474813222885, 1.2737573385238647, 0.19632475078105927, 1) ),
            0.9274175: ( (0.9673761129379272, -0.0851542055606842, -0.23860490322113037, 0), (-0.048871949315071106, 0.861404538154602, -0.5055629014968872, 0), (0.24858614802360535, 0.5007305145263672, 0.8291404843330383, 0), (0.11654042452573776, 1.273638129234314, 0.19610285758972168, 1) ),
            0.9573043: ( (0.9674402475357056, -0.08497200906276703, -0.23840992152690887, 0), (-0.049013473093509674, 0.8612316250801086, -0.5058437585830688, 0), (0.2483087033033371, 0.50105881690979, 0.8290252089500427, 0), (0.11667221039533615, 1.2735155820846558, 0.19591273367404938, 1) ),
            1.0202412: ( (0.9675166010856628, -0.08480027318000793, -0.2381606549024582, 0), (-0.049120426177978516, 0.8610522150993347, -0.5061385631561279, 0), (0.2479894608259201, 0.5013960599899292, 0.8289169669151306, 0), (0.11679961532354355, 1.2733796834945679, 0.19573113322257996, 1) ),
            1.0356404: ( (0.9675837159156799, -0.0846700668334961, -0.23793429136276245, 0), (-0.049200549721717834, 0.8608782291412354, -0.5064266920089722, 0), (0.24771162867546082, 0.5017167329788208, 0.8288059234619141, 0), (0.11693572252988815, 1.273247480392456, 0.19558247923851013, 1) ),
            1.0653731: ( (0.9676409363746643, -0.08458484709262848, -0.2377319037914276, 0), (-0.04924808442592621, 0.8607164025306702, -0.5066970586776733, 0), (0.24747861921787262, 0.5020086765289307, 0.8286988139152527, 0), (0.1170700341463089, 1.2731140851974487, 0.19544078409671783, 1) ),
            1.0907257: ( (0.9677186608314514, -0.08448529988527298, -0.2374507188796997, 0), (-0.049257077276706696, 0.8605738878250122, -0.5069382190704346, 0), (0.24717269837856293, 0.5022697448730469, 0.8286318778991699, 0), (0.11720500141382217, 1.2729724645614624, 0.19528798758983612, 1) ),
            1.1280241: ( (0.9677764177322388, -0.0847056433558464, -0.23713672161102295, 0), (-0.04895314201712608, 0.860470175743103, -0.5071436762809753, 0), (0.24700701236724854, 0.5024102330207825, 0.8285961151123047, 0), (0.11737219244241714, 1.2728912830352783, 0.19514305889606476, 1) ),
            1.1582484: ( (0.9678385257720947, -0.08480150252580643, -0.2368486523628235, 0), (-0.04877472668886185, 0.860357403755188, -0.5073521733283997, 0), (0.24679870903491974, 0.5025872588157654, 0.8285508155822754, 0), (0.11752615123987198, 1.272788405418396, 0.19503284990787506, 1) ),
            1.1934589: ( (0.9680613279342651, -0.08438651263713837, -0.2360851913690567, 0), (-0.04858118295669556, 0.8606678247451782, -0.5068439245223999, 0), (0.24596169590950012, 0.5021252632141113, 0.8290796875953674, 0), (0.11766786873340607, 1.2726099491119385, 0.19487959146499634, 1) ),
            1.2311827: ( (0.9682285189628601, -0.08436203747987747, -0.23540744185447693, 0), (-0.04808349162340164, 0.8610033392906189, -0.5063213109970093, 0), (0.24540087580680847, 0.5015538930892944, 0.8295915126800537, 0), (0.11783614009618759, 1.272517204284668, 0.1947629302740097, 1) ),
            1.2577229: ( (0.9681718945503235, -0.08511976152658463, -0.23536734282970428, 0), (-0.04717635363340378, 0.8614734411239624, -0.5056064128875732, 0), (0.24579983949661255, 0.5006177425384521, 0.8300387859344482, 0), (0.11805716902017593, 1.2725738286972046, 0.19477473199367523, 1) ),
            1.318897: ( (0.9683074951171875, -0.08547687530517578, -0.23467911779880524, 0), (-0.04641325771808624, 0.8616660833358765, -0.5053488612174988, 0), (0.24541065096855164, 0.5002253651618958, 0.8303903937339783, 0), (0.11824839562177658, 1.272562861442566, 0.19466888904571533, 1) ),
            1.342902: ( (0.9685074687004089, -0.08557453006505966, -0.23381683230400085, 0), (-0.04578205198049545, 0.8618634343147278, -0.5050697922706604, 0), (0.24473929405212402, 0.4998684525489807, 0.8308034539222717, 0), (0.11841823905706406, 1.2725127935409546, 0.1945415735244751, 1) ),
            1.3744102: ( (0.9687208533287048, -0.08569444715976715, -0.23288695514202118, 0), (-0.04515841230750084, 0.8619347214698792, -0.5050042867660522, 0), (0.24400940537452698, 0.49972501397132874, 0.8311042785644531, 0), (0.11856698989868164, 1.272462248802185, 0.19440269470214844, 1) ),
            1.4064116: ( (0.968916118144989, -0.08576752245426178, -0.2320461869239807, 0), (-0.04460940137505531, 0.8620319366455078, -0.504887044429779, 0), (0.24333415925502777, 0.4995447099208832, 0.8314106464385986, 0), (0.11869502067565918, 1.2724069356918335, 0.19431264698505402, 1) ),
            1.442746: ( (0.9691223502159119, -0.08572108298540115, -0.23120075464248657, 0), (-0.04417940601706505, 0.8620932102203369, -0.5048202276229858, 0), (0.24259033799171448, 0.4994468688964844, 0.831686794757843, 0), (0.11879485845565796, 1.2723220586776733, 0.19422830641269684, 1) ),
            1.4740241: ( (0.9693281650543213, -0.08560989052057266, -0.23037800192832947, 0), (-0.04383369907736778, 0.8621213436126709, -0.5048022866249084, 0), (0.24182988703250885, 0.49941736459732056, 0.8319258689880371, 0), (0.11886375397443771, 1.272223711013794, 0.1942000538110733, 1) ),
            1.4925724: ( (0.9695329666137695, -0.08536490797996521, -0.2296057939529419, 0), (-0.04361580312252045, 0.8621799945831299, -0.5047211050987244, 0), (0.2410469800233841, 0.4993581473827362, 0.832188606262207, 0), (0.11891690641641617, 1.2721046209335327, 0.19418911635875702, 1) ),
            1.5270106: ( (0.9697642922401428, -0.084834024310112, -0.2288239300251007, 0), (-0.04366632178425789, 0.8621863126754761, -0.5047058463096619, 0), (0.24010509252548218, 0.4994376301765442, 0.8324131369590759, 0), (0.11893677711486816, 1.2719300985336304, 0.19416731595993042, 1) ),
            1.5590835: ( (0.9699752330780029, -0.08443814516067505, -0.22807511687278748, 0), (-0.04362247511744499, 0.8621811866760254, -0.5047184228897095, 0), (0.23925958573818207, 0.4995135962963104, 0.8326109647750854, 0), (0.11894209682941437, 1.2717792987823486, 0.19414764642715454, 1) ),
            1.5918161: ( (0.9701927900314331, -0.08403032273054123, -0.22729916870594025, 0), (-0.043589990586042404, 0.8621444702148438, -0.5047839879989624, 0), (0.23838189244270325, 0.49964573979377747, 0.8327835202217102, 0), (0.11892344802618027, 1.271632432937622, 0.1941496729850769, 1) ),
            1.6268471: ( (0.9703986644744873, -0.08360794931650162, -0.22657501697540283, 0), (-0.04359681159257889, 0.8621081113815308, -0.5048454999923706, 0), (0.23754125833511353, 0.4997793436050415, 0.8329434394836426, 0), (0.11887764185667038, 1.2714836597442627, 0.19418753683567047, 1) ),
            1.6621374: ( (0.9706472754478455, -0.08297919481992722, -0.2257397472858429, 0), (-0.04378760606050491, 0.8619385957717896, -0.5051183700561523, 0), (0.23648810386657715, 0.5001763105392456, 0.8330048322677612, 0), (0.11881162226200104, 1.2712996006011963, 0.1942044347524643, 1) ),
            1.6912153: ( (0.9709509611129761, -0.08221215754747391, -0.2247120589017868, 0), (-0.04418417438864708, 0.8613709211349487, -0.506051242351532, 0), (0.23516400158405304, 0.5012796521186829, 0.8327164649963379, 0), (0.11871279776096344, 1.2710813283920288, 0.194174125790596, 1) ),
            1.7263956: ( (0.971237301826477, -0.08134952932596207, -0.22378665208816528, 0), (-0.044496089220047, 0.8612692952156067, -0.506196916103363, 0), (0.2339194416999817, 0.5015949606895447, 0.8328770995140076, 0), (0.11860036849975586, 1.2708731889724731, 0.19422045350074768, 1) ),
            1.7565022: ( (0.9713984727859497, -0.08100846409797668, -0.22320973873138428, 0), (-0.04450356215238571, 0.861241340637207, -0.5062437653541565, 0), (0.23324748873710632, 0.5016980767250061, 0.8330034613609314, 0), (0.11854337900876999, 1.2707551717758179, 0.19433753192424774, 1) ),
            1.7951757: ( (0.9717967510223389, -0.07976412028074265, -0.22192062437534332, 0), (-0.04517634958028793, 0.8606598377227783, -0.5071722865104675, 0), (0.23145230114459991, 0.5028939843177795, 0.8327829837799072, 0), (0.11840067058801651, 1.2704651355743408, 0.1942800134420395, 1) ),
            1.8259398: ( (0.972245454788208, -0.07842704653739929, -0.22042685747146606, 0), (-0.04576217755675316, 0.8601992726325989, -0.5079006552696228, 0), (0.22944419085979462, 0.5038912892341614, 0.8327358365058899, 0), (0.11826622486114502, 1.2701586484909058, 0.1941869705915451, 1) ),
            1.8595123: ( (0.972508430480957, -0.07762855291366577, -0.2195475697517395, 0), (-0.04610690847039223, 0.8599457740783691, -0.5082986354827881, 0), (0.2282574623823166, 0.504447340965271, 0.8327252864837646, 0), (0.11818162351846695, 1.2699627876281738, 0.19423629343509674, 1) ),
            1.9020559: ( (0.9727361798286438, -0.0768873393535614, -0.2187982052564621, 0), (-0.04646545648574829, 0.8596997857093811, -0.5086818933486938, 0), (0.22721195220947266, 0.5049798488616943, 0.8326885104179382, 0), (0.11809112876653671, 1.2697662115097046, 0.19429726898670197, 1) ),
            1.9422624: ( (0.9730725288391113, -0.07583484053611755, -0.21766720712184906, 0), (-0.04706430435180664, 0.8590662479400635, -0.5096961259841919, 0), (0.22564327716827393, 0.5062155723571777, 0.8323646187782288, 0), (0.11796865612268448, 1.2695022821426392, 0.19426490366458893, 1) ),
            1.975352: ( (0.9733147025108337, -0.0750594437122345, -0.21685151755809784, 0), (-0.04748779535293579, 0.8586534261703491, -0.5103521347045898, 0), (0.22450703382492065, 0.5070310831069946, 0.8321755528450012, 0), (0.11786234378814697, 1.2692828178405762, 0.19429872930049896, 1) ),
            2.0138083: ( (0.9735132455825806, -0.07434101402759552, -0.21620692312717438, 0), (-0.047934964299201965, 0.8582745790481567, -0.5109472274780273, 0), (0.2235492318868637, 0.5077778100967407, 0.8319780826568604, 0), (0.1177562028169632, 1.2690645456314087, 0.19438466429710388, 1) ),
            2.0450806: ( (0.9737354516983032, -0.07346648722887039, -0.21550390124320984, 0), (-0.04850006103515625, 0.8578585982322693, -0.5115920901298523, 0), (0.22245675325393677, 0.5086073279380798, 0.8317642211914062, 0), (0.11763230711221695, 1.2688210010528564, 0.19444246590137482, 1) ),
            2.0779183: ( (0.9738671779632568, -0.07282029092311859, -0.2151275873184204, 0), (-0.04899340867996216, 0.8575466871261597, -0.5120676755905151, 0), (0.22177086770534515, 0.5092257261276245, 0.8315689563751221, 0), (0.11753856390714645, 1.2686421871185303, 0.19458331167697906, 1) ),
            2.1140077: ( (0.9740337133407593, -0.07208612561225891, -0.21462051570415497, 0), (-0.049509309232234955, 0.8571957349777222, -0.5126055479049683, 0), (0.220923513174057, 0.5099208354949951, 0.8313685059547424, 0), (0.11742991209030151, 1.2684615850448608, 0.194695383310318, 1) ),
            2.1431275: ( (0.9742036461830139, -0.07132333517074585, -0.21410322189331055, 0), (-0.05004312843084335, 0.8568441271781921, -0.5131411552429199, 0), (0.22005201876163483, 0.5106184482574463, 0.8311713933944702, 0), (0.11732728779315948, 1.2682737112045288, 0.19479073584079742, 1) ),
            2.174791: ( (0.9741834402084351, -0.07115953415632248, -0.21424970030784607, 0), (-0.0502840131521225, 0.8567900657653809, -0.5132079124450684, 0), (0.22008663415908813, 0.5107319355010986, 0.8310925364494324, 0), (0.11728429049253464, 1.2681910991668701, 0.19500420987606049, 1) ),
            2.213464: ( (0.974187970161438, -0.07068951427936554, -0.21438485383987427, 0), (-0.05097315087914467, 0.8562901020050049, -0.5139737725257874, 0), (0.21990817785263062, 0.511634886264801, 0.8305842280387878, 0), (0.11720774322748184, 1.2680460214614868, 0.19518637657165527, 1) ),
            2.2503035: ( (0.9742882251739502, -0.06991267204284668, -0.21418383717536926, 0), (-0.05165031552314758, 0.8560147881507874, -0.5143646001815796, 0), (0.2193051427602768, 0.5122020244598389, 0.8303941488265991, 0), (0.11709292232990265, 1.2678613662719727, 0.1953321248292923, 1) ),
            2.2748625: ( (0.9742976427078247, -0.06939926743507385, -0.2143077850341797, 0), (-0.05217874422669411, 0.8559595942497253, -0.5144031643867493, 0), (0.2191379964351654, 0.5123640894889832, 0.8303382396697998, 0), (0.11702950298786163, 1.267731785774231, 0.1955530345439911, 1) ),
            2.3088607: ( (0.9741297364234924, -0.06915028393268585, -0.2151499092578888, 0), (-0.052814971655607224, 0.8560094833374023, -0.514255166053772, 0), (0.21973124146461487, 0.5123144388198853, 0.8302121758460999, 0), (0.11698734760284424, 1.267649531364441, 0.19588781893253326, 1) ),
            2.3383312: ( (0.9741178750991821, -0.0686776265501976, -0.21535487473011017, 0), (-0.05338039621710777, 0.8558860421180725, -0.5144022107124329, 0), (0.21964715421199799, 0.5125841498374939, 0.8300679326057434, 0), (0.11690745502710342, 1.2675329446792603, 0.19608093798160553, 1) ),
            2.3853979: ( (0.9741542339324951, -0.06816381216049194, -0.21535368263721466, 0), (-0.053902190178632736, 0.8556917905807495, -0.5146708488464355, 0), (0.21935832500457764, 0.512976884841919, 0.8299016356468201, 0), (0.1168193370103836, 1.2674068212509155, 0.1962043195962906, 1) ),
            2.4153169: ( (0.9740214943885803, -0.06790238618850708, -0.21603597700595856, 0), (-0.05446893721818924, 0.8557319045066833, -0.514544665813446, 0), (0.21980765461921692, 0.512944757938385, 0.8298026323318481, 0), (0.11677896976470947, 1.2673470973968506, 0.19647018611431122, 1) ),
            2.4438681: ( (0.9739964604377747, -0.0675123929977417, -0.21627089381217957, 0), (-0.054960060864686966, 0.8556529879570007, -0.5146235227584839, 0), (0.219796285033226, 0.5131276845932007, 0.8296924233436584, 0), (0.11672099679708481, 1.267272710800171, 0.1966603398323059, 1) ),
            2.4744773: ( (0.9739777445793152, -0.06711114943027496, -0.21647973358631134, 0), (-0.05544283986091614, 0.855583667755127, -0.5146870017051697, 0), (0.21975776553153992, 0.5132959485054016, 0.829598605632782, 0), (0.1166590079665184, 1.2671935558319092, 0.19684185087680817, 1) ),
            2.518905: ( (0.9739593267440796, -0.06668149679899216, -0.21669533848762512, 0), (-0.05594897270202637, 0.8555245399475098, -0.5147304534912109, 0), (0.21971118450164795, 0.5134503841400146, 0.8295153975486755, 0), (0.11659132689237595, 1.2671160697937012, 0.19702798128128052, 1) ),
            2.6855248: ( (0.9739440083503723, -0.06617162376642227, -0.21692058444023132, 0), (-0.0565599650144577, 0.8553920984268188, -0.5148839354515076, 0), (0.21962283551692963, 0.513737142086029, 0.8293612003326416, 0), (0.11651503294706345, 1.267020344734192, 0.19716517627239227, 1) ),
            2.7138529: ( (0.9739440083503723, -0.06544216722249985, -0.21714133024215698, 0), (-0.05741769075393677, 0.8551141619682312, -0.5152503848075867, 0), (0.21939970552921295, 0.5142927765846252, 0.829075813293457, 0), (0.11642871052026749, 1.2668777704238892, 0.1972859799861908, 1) ),
            2.7528593: ( (0.9739515781402588, -0.06461773067712784, -0.21735413372516632, 0), (-0.058405764400959015, 0.8547090291976929, -0.5158113837242126, 0), (0.2191050946712494, 0.5150700211524963, 0.8286710977554321, 0), (0.1162947416305542, 1.2667020559310913, 0.19734624028205872, 1) ),
            2.7877163: ( (0.9739577174186707, -0.06378260254859924, -0.21757322549819946, 0), (-0.059395574033260345, 0.8543264865875244, -0.5163317322731018, 0), (0.2188115417957306, 0.5158081650733948, 0.8282895088195801, 0), (0.11619777977466583, 1.2665423154830933, 0.19740408658981323, 1) ),
            2.813982: ( (0.9739693999290466, -0.0629955381155014, -0.21775037050247192, 0), (-0.06031939387321472, 0.8539485335350037, -0.5168496370315552, 0), (0.2185068130493164, 0.5165302753448486, 0.8279198408126831, 0), (0.11610189825296402, 1.266394019126892, 0.19742976129055023, 1) ),
            2.8475997: ( (0.9739779829978943, -0.06223871558904648, -0.21792945265769958, 0), (-0.061217326670885086, 0.8535712361335754, -0.5173670053482056, 0), (0.21821855008602142, 0.5172451734542847, 0.8275494575500488, 0), (0.11600100994110107, 1.26625657081604, 0.1974462866783142, 1) ),
            2.8876531: ( (0.9739606976509094, -0.06152278929948807, -0.21820984780788422, 0), (-0.06212170794606209, 0.8532220125198364, -0.5178350806236267, 0), (0.2180401086807251, 0.5179066061973572, 0.8271827697753906, 0), (0.11589638143777847, 1.2661468982696533, 0.19751396775245667, 1) ),
            2.9226372: ( (0.9739417433738708, -0.06082349270582199, -0.21849024295806885, 0), (-0.06301990151405334, 0.8528524041175842, -0.5183351635932922, 0), (0.21786688268184662, 0.5185975432395935, 0.8267953991889954, 0), (0.11577533930540085, 1.2660356760025024, 0.19753263890743256, 1) ),
            2.9673551: ( (0.9739205241203308, -0.06017865240573883, -0.21876326203346252, 0), (-0.06388770043849945, 0.8524341583251953, -0.5189166069030762, 0), (0.21770897507667542, 0.519359827041626, 0.826358437538147, 0), (0.11566369980573654, 1.2659355401992798, 0.19754400849342346, 1) ),
            3.0017863: ( (0.9738696813583374, -0.05959206819534302, -0.21914973855018616, 0), (-0.06477634608745575, 0.8519911766052246, -0.5195335149765015, 0), (0.21767371892929077, 0.5201536417007446, 0.8258682489395142, 0), (0.11552011966705322, 1.2658330202102661, 0.19753827154636383, 1) ),
            3.0305188: ( (0.9738183617591858, -0.05898067355155945, -0.21954280138015747, 0), (-0.0657011866569519, 0.8515190482139587, -0.5201910734176636, 0), (0.21762607991695404, 0.5209958553314209, 0.8253498077392578, 0), (0.11538702249526978, 1.265739917755127, 0.19753138720989227, 1) ),
            3.0626545: ( (0.9737574458122253, -0.05842147022485733, -0.219962477684021, 0), (-0.06659970432519913, 0.8510370254516602, -0.5208651423454285, 0), (0.2176259309053421, 0.5218457579612732, 0.8248127102851868, 0), (0.11526012420654297, 1.2656491994857788, 0.19751904904842377, 1) ),
            3.0998413: ( (0.9736987352371216, -0.057860832661390305, -0.22037005424499512, 0), (-0.0674963966012001, 0.8505455255508423, -0.5215520262718201, 0), (0.21761220693588257, 0.5227087140083313, 0.824269711971283, 0), (0.11513127386569977, 1.2655428647994995, 0.1974949836730957, 1) ),
            3.13335: ( (0.9736371040344238, -0.05730568990111351, -0.22078676521778107, 0), (-0.06839408725500107, 0.8500511646270752, -0.5222405791282654, 0), (0.21760740876197815, 0.5235733389854431, 0.8237220048904419, 0), (0.11499841511249542, 1.2654176950454712, 0.19745288789272308, 1) ),
            3.1735665: ( (0.9735825657844543, -0.05672861635684967, -0.22117620706558228, 0), (-0.06930148601531982, 0.8495415449142456, -0.522949755191803, 0), (0.21756458282470703, 0.5244626402854919, 0.8231675028800964, 0), (0.114867202937603, 1.2652772665023804, 0.19739103317260742, 1) ),
            3.2105816: ( (0.9736642837524414, -0.05588260293006897, -0.2210317701101303, 0), (-0.07018420100212097, 0.8489435315132141, -0.523802638053894, 0), (0.21691493690013885, 0.5255208015441895, 0.8226638436317444, 0), (0.11473909765481949, 1.2650898694992065, 0.19721800088882446, 1) ),
            3.2454066: ( (0.9737079739570618, -0.05511020869016647, -0.2210332155227661, 0), (-0.07104935497045517, 0.8484234809875488, -0.5245280861854553, 0), (0.21643660962581635, 0.5264413952827454, 0.822201132774353, 0), (0.11462884396314621, 1.264905333518982, 0.19705542922019958, 1) ),
            3.2751863: ( (0.9737945199012756, -0.05438821017742157, -0.22083057463169098, 0), (-0.07176436483860016, 0.8478941917419434, -0.5252860188484192, 0), (0.21581031382083893, 0.5273683667182922, 0.8217715620994568, 0), (0.11453697830438614, 1.2647435665130615, 0.196849063038826, 1) ),
            3.300722: ( (0.9741494059562683, -0.0533621720969677, -0.21951180696487427, 0), (-0.0721452459692955, 0.847327709197998, -0.526147186756134, 0), (0.2140747755765915, 0.5283827185630798, 0.8215739727020264, 0), (0.11442835628986359, 1.2645263671875, 0.19644275307655334, 1) ),
            3.3458997: ( (0.974277913570404, -0.05253489688038826, -0.21914072334766388, 0), (-0.07282951474189758, 0.8468567132949829, -0.526810884475708, 0), (0.21325674653053284, 0.5292201042175293, 0.8212476372718811, 0), (0.1143302321434021, 1.2643481492996216, 0.19622105360031128, 1) ),
            3.3727936: ( (0.9743398427963257, -0.05175592005252838, -0.21905067563056946, 0), (-0.07359620928764343, 0.8464537858963013, -0.5273516178131104, 0), (0.21270981431007385, 0.5299409627914429, 0.8209245800971985, 0), (0.11424221843481064, 1.2641923427581787, 0.19605396687984467, 1) ),
            3.4090166: ( (0.9744149446487427, -0.05098242312669754, -0.21889790892601013, 0), (-0.0743151530623436, 0.8460708856582642, -0.5278649926185608, 0), (0.21211495995521545, 0.5306269526481628, 0.8206353187561035, 0), (0.11414968222379684, 1.2640326023101807, 0.1958613246679306, 1) ),
            3.4395513: ( (0.9744787216186523, -0.050147607922554016, -0.21880684792995453, 0), (-0.07509170472621918, 0.8457531929016113, -0.5282639265060425, 0), (0.21154776215553284, 0.531212568283081, 0.8204028010368347, 0), (0.11405568569898605, 1.2638654708862305, 0.1957046240568161, 1) ),
            3.4749153: ( (0.9744083285331726, -0.04983994737267494, -0.2191905677318573, 0), (-0.07558110356330872, 0.8456933498382568, -0.5282899737358093, 0), (0.21169795095920563, 0.5313368439674377, 0.8202836513519287, 0), (0.11399795114994049, 1.2638075351715088, 0.19564589858055115, 1) ),
            3.505657: ( (0.9744277000427246, -0.04923124611377716, -0.21924196183681488, 0), (-0.0761953592300415, 0.8454998731613159, -0.5285114645957947, 0), (0.21138830482959747, 0.531701385974884, 0.8201271891593933, 0), (0.11392607539892197, 1.2636975049972534, 0.19554907083511353, 1) ),
            3.5374414: ( (0.9744444489479065, -0.04857935383915901, -0.2193126678466797, 0), (-0.07684571295976639, 0.8453317880630493, -0.5286861062049866, 0), (0.21107517182826996, 0.5320284962654114, 0.8199957013130188, 0), (0.11384556442499161, 1.263578176498413, 0.195465549826622, 1) ),
        }
        uniform token[] xformOpOrder = ["xformOp:transform"]
    }
}

