#usda 1.0
(
    endTimeCode = 13.1244924
    startTimeCode = 0
    timeCodesPerSecond = 1
    upAxis = "Y"
)

def Xform "Sketch"
{
    string tiltBrush:release = "18.5"
    string tiltBrush:sketchFilePath = "C:/Users/satish.goda/Documents/Tilt Brush/Sketches/Untitled_8.tilt"
    string tiltBrush:sketchName = "Untitled_8"
    string tiltBrush:toolkitVersion = "16.0"
    matrix4d xformOp:transform = ( (1, 0, 0, 0), (0, 1, 0, 0), (0, 0, 1, 0), (0, 0, 0, 1) )
    uniform token[] xformOpOrder = ["xformOp:transform"]

    def Camera "VideoCamera"
    {
        float2 clippingRange = (0.010000001, 1000)
        uniform float eyeScale = 1
        float focalLength = 7.0237117
        float focusDistance = 0
        float fStop = 0
        float horizontalAperture = 20.955
        float horizontalApertureOffset = 0
        token projection = "perspective"
        uniform token stereoRole = "mono"
        float verticalAperture = 11.787188
        float verticalApertureOffset = 0
        matrix4d xformOp:transform = ( (1, 0, 0, 0), (0, 1, 0, 0), (0, 0, 1, 0), (0, 0, 0, 1) )
        matrix4d xformOp:transform.timeSamples = {
            0.0175673: ( (0.998898983001709, -0.04655267670750618, 0.00580412894487381, 0), (0.015387105755507946, 0.20823657512664795, -0.9779574871063232, 0), (0.044317908585071564, 0.9769701361656189, 0.20872360467910767, 0), (0.03253473713994026, 1.7589834928512573, -0.28635409474372864, 1) ),
            0.059981: ( (0.9989034533500671, -0.046472977846860886, 0.005678554996848106, 0), (0.01527410838752985, 0.2088240385055542, -0.9778339862823486, 0), (0.044257041066884995, 0.9768485426902771, 0.20930486917495728, 0), (0.032225143164396286, 1.7595758438110352, -0.2866179645061493, 1) ),
            0.1012209: ( (0.9988940954208374, -0.04669525474309921, 0.005490018054842949, 0), (0.01515220757573843, 0.2091759443283081, -0.9777606725692749, 0), (0.04450840502977371, 0.9767625331878662, 0.20965218544006348, 0), (0.03183360770344734, 1.7601820230484009, -0.28674936294555664, 1) ),
            0.1312394: ( (0.9989141821861267, -0.04615611955523491, 0.006340440362691879, 0), (0.015847977250814438, 0.20865483582019806, -0.9778609275817871, 0), (0.04381129890680313, 0.9768996238708496, 0.2091597318649292, 0), (0.03143780305981636, 1.760546088218689, -0.2871638834476471, 1) ),
            0.1662926: ( (0.9989145398139954, -0.04612196236848831, 0.006523918826133013, 0), (0.01601947657763958, 0.20863360166549683, -0.9778625965118408, 0), (0.04373983293771744, 0.9769057631492615, 0.20914597809314728, 0), (0.031009305268526077, 1.7609943151474, -0.2875675857067108, 1) ),
            0.1993303: ( (0.9989026784896851, -0.04637792333960533, 0.00651957094669342, 0), (0.016066379845142365, 0.20857834815979004, -0.9778737425804138, 0), (0.04399190843105316, 0.9769054651260376, 0.20909464359283447, 0), (0.030579699203372, 1.7614725828170776, -0.2880266606807709, 1) ),
            0.2366225: ( (0.9989012479782104, -0.046389222145080566, 0.006655080243945122, 0), (0.016198664903640747, 0.20851749181747437, -0.9778844714164734, 0), (0.043975599110126495, 0.9769178032875061, 0.20903988182544708, 0), (0.0302067082375288, 1.7618721723556519, -0.28869393467903137, 1) ),
            0.2678358: ( (0.9989008903503418, -0.046376023441553116, 0.006806200370192528, 0), (0.016342245042324066, 0.208482027053833, -0.9778896570205688, 0), (0.04393165558576584, 0.9769260883331299, 0.2090107798576355, 0), (0.029858803376555443, 1.7622421979904175, -0.28943461179733276, 1) ),
            0.2968051: ( (0.9989010691642761, -0.04633765295147896, 0.007034145295619965, 0), (0.016550667583942413, 0.20833301544189453, -0.9779179096221924, 0), (0.043848972767591476, 0.9769597053527832, 0.20887094736099243, 0), (0.029525890946388245, 1.762581706047058, -0.2903229594230652, 1) ),
            0.3209327: ( (0.9988862872123718, -0.046624042093753815, 0.007236354053020477, 0), (0.01680809259414673, 0.20832224190235138, -0.9779158234596252, 0), (0.044086895883083344, 0.9769483804702759, 0.20887388288974762, 0), (0.029249442741274834, 1.7629963159561157, -0.29122990369796753, 1) ),
            0.3517611: ( (0.9988760352134705, -0.04680690914392471, 0.007469642907381058, 0), (0.017072129994630814, 0.20826412737369537, -0.9779237508773804, 0), (0.044217925518751144, 0.9769520163536072, 0.2088291049003601, 0), (0.028971383348107338, 1.7633535861968994, -0.292094349861145, 1) ),
            0.3805933: ( (0.9988664984703064, -0.04697062075138092, 0.007713157683610916, 0), (0.01734168268740177, 0.20819544792175293, -0.9779335260391235, 0), (0.044328294694423676, 0.9769588112831116, 0.20877404510974884, 0), (0.02869335748255253, 1.763644814491272, -0.2929658889770508, 1) ),
            0.4044116: ( (0.9988575577735901, -0.047124676406383514, 0.00793779082596302, 0), (0.017590496689081192, 0.20812197029590607, -0.9779447317123413, 0), (0.04443329572677612, 0.9769669771194458, 0.2087131142616272, 0), (0.028428738936781883, 1.7638721466064453, -0.2938295900821686, 1) ),
            0.4264013: ( (0.9988499879837036, -0.04724358022212982, 0.008170966058969498, 0), (0.01784118451178074, 0.20806747674942017, -0.9779518246650696, 0), (0.04450182989239693, 0.9769730567932129, 0.20867103338241577, 0), (0.028177103027701378, 1.7640613317489624, -0.2946603298187256, 1) ),
            0.4507449: ( (0.9988404512405396, -0.04741598665714264, 0.008332399651408195, 0), (0.018038922920823097, 0.208146870136261, -0.9779313206672668, 0), (0.04463520646095276, 0.9769477844238281, 0.20876085758209229, 0), (0.027916280552744865, 1.7641947269439697, -0.2954774796962738, 1) ),
            0.4817068: ( (0.9988325238227844, -0.04756441339850426, 0.008448582142591476, 0), (0.01818770542740822, 0.2082337737083435, -0.977910041809082, 0), (0.04475443810224533, 0.9769218564033508, 0.2088557481765747, 0), (0.02762504294514656, 1.7642220258712769, -0.29624107480049133, 1) ),
            0.5144832: ( (0.9988307356834412, -0.04766670614480972, 0.008063839748501778, 0), (0.017835386097431183, 0.20829784870147705, -0.9779029488563538, 0), (0.04493372142314911, 0.9769033789634705, 0.2089044451713562, 0), (0.02730395272374153, 1.7641079425811768, -0.2969088554382324, 1) ),
            0.5543178: ( (0.9988356828689575, -0.047723446041345596, 0.007055841386318207, 0), (0.016882333904504776, 0.2087724804878235, -0.9778186082839966, 0), (0.04519180208444595, 0.9767991900444031, 0.2093350887298584, 0), (0.026955977082252502, 1.7638733386993408, -0.29749101400375366, 1) ),
            0.5852551: ( (0.9988376498222351, -0.04777449741959572, 0.006402077153325081, 0), (0.016270389780402184, 0.2091461420059204, -0.9777491688728333, 0), (0.04537249356508255, 0.9767168164253235, 0.20968037843704224, 0), (0.02672516740858555, 1.763405442237854, -0.29769739508628845, 1) ),
            0.6214343: ( (0.9988398551940918, -0.04782508686184883, 0.00563538633286953, 0), (0.015550429001450539, 0.2095729112625122, -0.9776694178581238, 0), (0.04557609558105469, 0.9766227602958679, 0.21007347106933594, 0), (0.026383070275187492, 1.7628053426742554, -0.2977685332298279, 1) ),
            0.647142: ( (0.9988390803337097, -0.04791537672281265, 0.004971740767359734, 0), (0.014936434105038643, 0.20992642641067505, -0.9776031374931335, 0), (0.045798517763614655, 0.9765424728393555, 0.2103983759880066, 0), (0.026103192940354347, 1.7620538473129272, -0.29796797037124634, 1) ),
            0.6815678: ( (0.9988499283790588, -0.04778289794921875, 0.003952628001570702, 0), (0.01393657736480236, 0.21046966314315796, -0.9775009751319885, 0), (0.045875921845436096, 0.9764319062232971, 0.21089351177215576, 0), (0.025808298960328102, 1.7611573934555054, -0.2981724441051483, 1) ),
            0.6969279: ( (0.998794436454773, -0.049058280885219574, 0.001726904883980751, 0), (0.012050366029143333, 0.21093113720417023, -0.9774267077445984, 0), (0.04758661240339279, 0.9762691855430603, 0.21126800775527954, 0), (0.025417914614081383, 1.7604082822799683, -0.2981141209602356, 1) ),
            0.7218126: ( (0.9987569451332092, -0.049845412373542786, -0.00017989985644817352, 0), (0.010364288464188576, 0.21119773387908936, -0.9773883819580078, 0), (0.048756323754787445, 0.976171612739563, 0.21145182847976685, 0), (0.02504456602036953, 1.7594213485717773, -0.2981356382369995, 1) ),
            0.7501368: ( (0.9987549781799316, -0.04986514151096344, -0.0014310404658317566, 0), (0.00916224718093872, 0.21155911684036255, -0.9773223400115967, 0), (0.049037061631679535, 0.9760924577713013, 0.21175259351730347, 0), (0.024640249088406563, 1.758257508277893, -0.29825255274772644, 1) ),
            0.7823925: ( (0.9987711906433105, -0.049479082226753235, -0.0028152877930551767, 0), (0.007756028324365616, 0.2121625691652298, -0.9772035479545593, 0), (0.048948436975479126, 0.9759809970855713, 0.212285578250885, 0), (0.024166148155927658, 1.7569048404693604, -0.29835423827171326, 1) ),
            0.8169302: ( (0.998798668384552, -0.04874873906373978, -0.004978012293577194, 0), (0.005521940067410469, 0.21291017532348633, -0.9770562648773193, 0), (0.048690132796764374, 0.9758549928665161, 0.2129235863685608, 0), (0.02357453666627407, 1.7553461790084839, -0.2983272671699524, 1) ),
            0.8481143: ( (0.9987480044364929, -0.04937789589166641, -0.008016861975193024, 0), (0.002683974802494049, 0.21292144060134888, -0.9770656228065491, 0), (0.04995240271091461, 0.9758208990097046, 0.21278738975524902, 0), (0.022937020286917686, 1.7537815570831299, -0.2982844412326813, 1) ),
            0.883326: ( (0.9987863898277283, -0.04822174459695816, -0.010020468384027481, 0), (0.00046810510684736073, 0.21273857355117798, -0.9771091341972351, 0), (0.049249641597270966, 0.9759186506271362, 0.21250295639038086, 0), (0.02233407460153103, 1.7517236471176147, -0.29859301447868347, 1) ),
            0.9171638: ( (0.9988455772399902, -0.04660353064537048, -0.011648423969745636, 0), (-0.0014801007928326726, 0.21251483261585236, -0.9771566987037659, 0), (0.04801441356539726, 0.9760459661483765, 0.21220052242279053, 0), (0.021752677857875824, 1.7494404315948486, -0.2991025447845459, 1) ),
            0.9499512: ( (0.9988085031509399, -0.04673099145293236, -0.01406437624245882, 0), (-0.003821391612291336, 0.21241724491119385, -0.9771715998649597, 0), (0.048651713877916336, 0.9760611057281494, 0.21198558807373047, 0), (0.021200524643063545, 1.74734365940094, -0.2995985150337219, 1) ),
            0.9831539: ( (0.9987894296646118, -0.04642372578382492, -0.016265632584691048, 0), (-0.006046576425433159, 0.2122904658317566, -0.977187991142273, 0), (0.048817746341228485, 0.9761033058166504, 0.211752787232399, 0), (0.020667772740125656, 1.7450121641159058, -0.3002571761608124, 1) ),
            1.0181282: ( (0.9987697005271912, -0.046140123158693314, -0.01817142218351364, 0), (-0.007982663810253143, 0.21206462383270264, -0.9772231578826904, 0), (0.04894271120429039, 0.9761658310890198, 0.21143539249897003, 0), (0.020193979144096375, 1.7425050735473633, -0.3010953366756439, 1) ),
            1.051433: ( (0.9988069534301758, -0.04457002133131027, -0.019955623894929886, 0), (-0.010081440210342407, 0.21164679527282715, -0.9772943258285522, 0), (0.0477815717458725, 0.976329505443573, 0.21094495058059692, 0), (0.01970534399151802, 1.7396156787872314, -0.30206653475761414, 1) ),
            1.0890781: ( (0.9988134503364563, -0.04312761127948761, -0.022623183205723763, 0), (-0.013044983148574829, 0.21063430607318878, -0.9774779677391052, 0), (0.046921506524086, 0.9766131639480591, 0.20982176065444946, 0), (0.01917332224547863, 1.7365608215332031, -0.30295485258102417, 1) ),
            1.1169129: ( (0.9987717270851135, -0.04252435639500618, -0.025433555245399475, 0), (-0.015985704958438873, 0.2093103528022766, -0.977718710899353, 0), (0.04690036177635193, 0.9769242405891418, 0.20837350189685822, 0), (0.018662726506590843, 1.7334972620010376, -0.30389100313186646, 1) ),
            1.1498227: ( (0.9987928867340088, -0.040830597281455994, -0.027306515723466873, 0), (-0.018230576068162918, 0.2080710083246231, -0.977944016456604, 0), (0.045611727982759476, 0.9772613048553467, 0.20707547664642334, 0), (0.01821829378604889, 1.730112075805664, -0.3050763010978699, 1) ),
            1.1825574: ( (0.998802900314331, -0.039270952343940735, -0.02916407212615013, 0), (-0.02043134719133377, 0.2067844420671463, -0.9781731367111206, 0), (0.04444446787238121, 0.9775980710983276, 0.20573455095291138, 0), (0.017796097323298454, 1.7266258001327515, -0.3063149154186249, 1) ),
            1.2181362: ( (0.998746395111084, -0.03893512487411499, -0.03145845979452133, 0), (-0.02282988280057907, 0.20497816801071167, -0.978500247001648, 0), (0.044546328485012054, 0.9779918193817139, 0.20383232831954956, 0), (0.01739143580198288, 1.723200798034668, -0.3075251579284668, 1) ),
            1.2519201: ( (0.9987168908119202, -0.03800236061215401, -0.03347358480095863, 0), (-0.025076519697904587, 0.20315682888031006, -0.9788250923156738, 0), (0.043998055160045624, 0.9784084558486938, 0.20194315910339355, 0), (0.017048584297299385, 1.719537615776062, -0.30881816148757935, 1) ),
            1.2826059: ( (0.9987103939056396, -0.036854274570941925, -0.03491931036114693, 0), (-0.026810670271515846, 0.20122790336608887, -0.9791774153709412, 0), (0.04311361908912659, 0.9788509607315063, 0.19998031854629517, 0), (0.01677537150681019, 1.7157386541366577, -0.3102332055568695, 1) ),
            1.3172814: ( (0.9986880421638489, -0.03610414266586304, -0.036313045769929886, 0), (-0.028411705046892166, 0.19929087162017822, -0.9795284867286682, 0), (0.042601894587278366, 0.9792751669883728, 0.1980036497116089, 0), (0.0165542159229517, 1.7119044065475464, -0.31168901920318604, 1) ),
            1.3624577: ( (0.9986502528190613, -0.03576702997088432, -0.03766194358468056, 0), (-0.02987854555249214, 0.19751745462417603, -0.9798439741134644, 0), (0.04248499497771263, 0.9796466827392578, 0.19618219137191772, 0), (0.01639552041888237, 1.7080742120742798, -0.3131403625011444, 1) ),
            1.3844888: ( (0.9986246228218079, -0.03535117208957672, -0.038718488067388535, 0), (-0.031071340665221214, 0.1957910656929016, -0.9801533818244934, 0), (0.04223030433058739, 0.9800083041191101, 0.1944233775138855, 0), (0.016298288479447365, 1.7041847705841064, -0.3146309554576874, 1) ),
            1.4166873: ( (0.9985991716384888, -0.035496827214956284, -0.03924047201871872, 0), (-0.03163248673081398, 0.19400888681411743, -0.9804897904396057, 0), (0.04241727292537689, 0.9803574681282043, 0.19261425733566284, 0), (0.016254398971796036, 1.700330376625061, -0.31616586446762085, 1) ),
            1.452996: ( (0.9985705614089966, -0.03524336591362953, -0.04018397629261017, 0), (-0.032672565430402756, 0.192507803440094, -0.9807514548301697, 0), (0.04230070486664772, 0.9806623458862305, 0.19108110666275024, 0), (0.016231568530201912, 1.6963586807250977, -0.3175792694091797, 1) ),
            1.4852185: ( (0.9985297322273254, -0.03530169278383255, -0.04113699868321419, 0), (-0.03367243707180023, 0.1907770186662674, -0.9810557961463928, 0), (0.04248092323541641, 0.9809985756874084, 0.1893078088760376, 0), (0.01622731052339077, 1.6923621892929077, -0.31891342997550964, 1) ),
            1.5150834: ( (0.9984300136566162, -0.03655131161212921, -0.04244479909539223, 0), (-0.03481390327215195, 0.18869072198867798, -0.9814193248748779, 0), (0.04388110339641571, 0.981356143951416, 0.18712198734283447, 0), (0.016238724812865257, 1.6884901523590088, -0.32015538215637207, 1) ),
            1.5510702: ( (0.998447835445404, -0.035598643124103546, -0.042832501232624054, 0), (-0.03543767333030701, 0.18722689151763916, -0.9816774129867554, 0), (0.042965780943632126, 0.9816715121269226, 0.1856747269630432, 0), (0.016334956511855125, 1.6842072010040283, -0.3215171694755554, 1) ),
            1.5923556: ( (0.9984899759292603, -0.03464663773775101, -0.04263093322515488, 0), (-0.035475149750709534, 0.18585586547851562, -0.9819364547729492, 0), (0.041944004595279694, 0.9819660186767578, 0.18434607982635498, 0), (0.016494816169142723, 1.6798505783081055, -0.32293716073036194, 1) ),
            1.6168424: ( (0.9985023140907288, -0.03415524587035179, -0.04274018481373787, 0), (-0.035728562623262405, 0.18454700708389282, -0.9821740388870239, 0), (0.04143397510051727, 0.9822300672531128, 0.183050274848938, 0), (0.016681723296642303, 1.6755021810531616, -0.3243149220943451, 1) ),
            1.6559756: ( (0.9985662698745728, -0.03266257420182228, -0.04240963235497475, 0), (-0.03572673723101616, 0.18332405388355255, -0.9824030995368958, 0), (0.03986252099275589, 0.9825097918510437, 0.1818942427635193, 0), (0.016899676993489265, 1.6708887815475464, -0.3257712125778198, 1) ),
            1.6860679: ( (0.9986246824264526, -0.03136315941810608, -0.04201247915625572, 0), (-0.03563960641622543, 0.18161612749099731, -0.9827235341072083, 0), (0.038451459258794785, 0.9828693270683289, 0.18024855852127075, 0), (0.017148900777101517, 1.6661951541900635, -0.3272262513637543, 1) ),
            1.7189258: ( (0.9986469745635986, -0.03080661967396736, -0.04189504310488701, 0), (-0.03568439185619354, 0.18006040155887604, -0.9830082058906555, 0), (0.037826795130968094, 0.9831731915473938, 0.17871743440628052, 0), (0.01741998828947544, 1.6615523099899292, -0.32865995168685913, 1) ),
            1.7592414: ( (0.998672604560852, -0.03008089028298855, -0.0418110154569149, 0), (-0.03578322380781174, 0.17868971824645996, -0.9832545518875122, 0), (0.037048373371362686, 0.9834455847740173, 0.1773761510848999, 0), (0.01770166866481304, 1.656793475151062, -0.3300676643848419, 1) ),
            1.7890325: ( (0.998738169670105, -0.028810707852244377, -0.04113370180130005, 0), (-0.035420168191194534, 0.17653155326843262, -0.9836574792861938, 0), (0.035601262003183365, 0.9838732481002808, 0.17528831958770752, 0), (0.01804305985569954, 1.651815414428711, -0.3315354585647583, 1) ),
            1.8311971: ( (0.9987837076187134, -0.027777016162872314, -0.04073776677250862, 0), (-0.035281069576740265, 0.174549400806427, -0.9840161800384521, 0), (0.03444378450512886, 0.9842566251754761, 0.1733570694923401, 0), (0.01838720589876175, 1.6468092203140259, -0.3329521417617798, 1) ),
            1.8578695: ( (0.9988161325454712, -0.026906639337539673, -0.04052720218896866, 0), (-0.035282161086797714, 0.1728607565164566, -0.9843141436576843, 0), (0.033490147441625595, 0.9845786690711975, 0.17170673608779907, 0), (0.018738823011517525, 1.6417961120605469, -0.3343091607093811, 1) ),
            1.8905507: ( (0.9988304376602173, -0.02685537561774254, -0.04020599648356438, 0), (-0.03504585102200508, 0.17075175046920776, -0.9846907258033752, 0), (0.033309485763311386, 0.9849480390548706, 0.1696109175682068, 0), (0.019129326567053795, 1.6368284225463867, -0.3356725573539734, 1) ),
            1.9184221: ( (0.9988779425621033, -0.025744423270225525, -0.03974980115890503, 0), (-0.03485773131251335, 0.16851180791854858, -0.9850831031799316, 0), (0.032058700919151306, 0.9853633642196655, 0.16742533445358276, 0), (0.01953178085386753, 1.6316139698028564, -0.337037056684494, 1) ),
            1.9545491: ( (0.998913586139679, -0.024921149015426636, -0.03937947750091553, 0), (-0.034690458327531815, 0.1666145920753479, -0.9854117631912231, 0), (0.031118784099817276, 0.98570716381073, 0.1655690222978592, 0), (0.019938616082072258, 1.6263922452926636, -0.3383910059928894, 1) ),
            1.994037: ( (0.9989389777183533, -0.024580935016274452, -0.03894508630037308, 0), (-0.03438375145196915, 0.16451168060302734, -0.9857757091522217, 0), (0.030638210475444794, 0.986068844795227, 0.16349190473556519, 0), (0.020365936681628227, 1.621211051940918, -0.3397441804409027, 1) ),
            2.0258334: ( (0.9989746809005737, -0.023954637348651886, -0.03841634467244148, 0), (-0.0340341180562973, 0.16221362352371216, -0.9861686825752258, 0), (0.029854968190193176, 0.9864650964736938, 0.16123205423355103, 0), (0.02081887423992157, 1.6159595251083374, -0.3410666584968567, 1) ),
            2.0537743: ( (0.9989959597587585, -0.023938806727528572, -0.03786903992295265, 0), (-0.03357470780611038, 0.15961213409900665, -0.9866088032722473, 0), (0.029662596061825752, 0.9868896007537842, 0.15864813327789307, 0), (0.02127753011882305, 1.610787272453308, -0.3423674404621124, 1) ),
            2.0921538: ( (0.9990216493606567, -0.02363757975399494, -0.03737698495388031, 0), (-0.033203475177288055, 0.1573549509048462, -0.9869838356971741, 0), (0.029211362823843956, 0.9872592091560364, 0.1564161777496338, 0), (0.021748289465904236, 1.6055488586425781, -0.3436349034309387, 1) ),
            2.1191953: ( (0.9990468621253967, -0.023252364248037338, -0.036942292004823685, 0), (-0.03291674330830574, 0.15452057123184204, -0.9874411821365356, 0), (0.028668683022260666, 0.9877159595489502, 0.15360790491104126, 0), (0.022225501015782356, 1.6002639532089233, -0.34484508633613586, 1) ),
            2.1561218: ( (0.999069333076477, -0.022987278178334236, -0.03649730980396271, 0), (-0.032609086483716965, 0.15132790803909302, -0.9879456758499146, 0), (0.028233246877789497, 0.9882163405418396, 0.15043753385543823, 0), (0.022721653804183006, 1.5949673652648926, -0.3460310697555542, 1) ),
            2.1846178: ( (0.9990935921669006, -0.022722799330949783, -0.035995714366436005, 0), (-0.03223476558923721, 0.14842212200164795, -0.9883987307548523, 0), (0.027801746502518654, 0.9886630773544312, 0.1475551724433899, 0), (0.023268014192581177, 1.5895540714263916, -0.3472302258014679, 1) ),
            2.2209786: ( (0.999113917350769, -0.02247285470366478, -0.03558654338121414, 0), (-0.03194764629006386, 0.14551222324371338, -0.9888405799865723, 0), (0.02740035019814968, 0.9891012907028198, 0.14466536045074463, 0), (0.023809019476175308, 1.5841928720474243, -0.3483702838420868, 1) ),
            2.2527774: ( (0.999120831489563, -0.0226689875125885, -0.03526639938354492, 0), (-0.03169535472989082, 0.14216744899749756, -0.9893351197242737, 0), (0.027440961450338364, 0.9895830750465393, 0.14132392406463623, 0), (0.024339819326996803, 1.5790038108825684, -0.349468857049942, 1) ),
            2.285461: ( (0.9991382956504822, -0.022512365132570267, -0.034869130700826645, 0), (-0.031414687633514404, 0.1388692855834961, -0.9898124933242798, 0), (0.027125272899866104, 0.9900549054145813, 0.1380423903465271, 0), (0.02488027699291706, 1.5736764669418335, -0.350581556558609, 1) ),
            2.3147294: ( (0.9991424083709717, -0.02305293083190918, -0.03439628705382347, 0), (-0.030961796641349792, 0.1356261968612671, -0.9902762174606323, 0), (0.027493804693222046, 0.9904918074607849, 0.13479608297348022, 0), (0.025413647294044495, 1.568634033203125, -0.3516584038734436, 1) ),
            2.3508721: ( (0.9991174340248108, -0.024260973557829857, -0.03428860753774643, 0), (-0.03077949956059456, 0.13260340690612793, -0.9906912446022034, 0), (0.02858191728591919, 0.990872323513031, 0.13173961639404297, 0), (0.025944193825125694, 1.5636775493621826, -0.3526591956615448, 1) ),
            2.3905133: ( (0.999099850654602, -0.024894222617149353, -0.03434881567955017, 0), (-0.03084903210401535, 0.12943285703659058, -0.9911082983016968, 0), (0.0291187334805727, 0.9912757873535156, 0.12854838371276855, 0), (0.026447473093867302, 1.5586802959442139, -0.3535799980163574, 1) ),
            2.4197526: ( (0.9990943670272827, -0.02534676529467106, -0.034176576882600784, 0), (-0.030708173289895058, 0.12646782398223877, -0.9914953708648682, 0), (0.02945343777537346, 0.9916468858718872, 0.12557494640350342, 0), (0.026962513104081154, 1.5537081956863403, -0.35452327132225037, 1) ),
            2.4597939: ( (0.9990919828414917, -0.025709375739097595, -0.03397456929087639, 0), (-0.030547918751835823, 0.123607337474823, -0.9918609857559204, 0), (0.02969963476061821, 0.9919982552528381, 0.12270969152450562, 0), (0.027454107999801636, 1.548868179321289, -0.35545119643211365, 1) ),
            2.4962199: ( (0.9990825653076172, -0.026165641844272614, -0.03390184044837952, 0), (-0.030512714758515358, 0.12054038047790527, -0.9922394752502441, 0), (0.030049124732613564, 0.9923636317253113, 0.11963140964508057, 0), (0.02792542241513729, 1.5441101789474487, -0.3563321530818939, 1) ),
            2.5309424: ( (0.9990614056587219, -0.02707134559750557, -0.03381466120481491, 0), (-0.03041367046535015, 0.11745691299438477, -0.9926121830940247, 0), (0.030843110755085945, 0.9927089214324951, 0.11652332544326782, 0), (0.028404194861650467, 1.5394989252090454, -0.35721030831336975, 1) ),
            2.5572607: ( (0.9990500211715698, -0.02767711877822876, -0.03366229310631752, 0), (-0.030282478779554367, 0.1145830750465393, -0.9929520487785339, 0), (0.03133917972445488, 0.9930281639099121, 0.11363613605499268, 0), (0.02887583337724209, 1.5349047183990479, -0.358094722032547, 1) ),
            2.5900304: ( (0.9990401268005371, -0.028254937380552292, -0.03347305208444595, 0), (-0.0301196351647377, 0.11174660921096802, -0.993280291557312, 0), (0.03180556744337082, 0.9933351278305054, 0.11078828573226929, 0), (0.029336348176002502, 1.5303499698638916, -0.3589693605899811, 1) ),
            2.6304472: ( (0.9990211725234985, -0.029114054515957832, -0.03330344334244728, 0), (-0.02996089868247509, 0.10854107141494751, -0.9936403632164001, 0), (0.032543692737817764, 0.9936655163764954, 0.10756254196166992, 0), (0.0297855231910944, 1.5258231163024902, -0.35983893275260925, 1) ),
            2.6731685: ( (0.9990091323852539, -0.029750097543001175, -0.033101942390203476, 0), (-0.029789138585329056, 0.1056256890296936, -0.9939597845077515, 0), (0.03306681290268898, 0.993960976600647, 0.1046348288655281, 0), (0.030208349227905273, 1.5213139057159424, -0.36069104075431824, 1) ),
            2.7106447: ( (0.9989820718765259, -0.030609825626015663, -0.03313584253191948, 0), (-0.029846543446183205, 0.10228866338729858, -0.9943070411682129, 0), (0.03382498398423195, 0.9942837953567505, 0.10127091407775879, 0), (0.030586177483201027, 1.516795039176941, -0.3615073561668396, 1) ),
            2.7412645: ( (0.9989637136459351, -0.03134409338235855, -0.03299984335899353, 0), (-0.029740268364548683, 0.0993044376373291, -0.9946125149726868, 0), (0.03445225954055786, 0.9945633411407471, 0.09826935082674026, 0), (0.030946088954806328, 1.512323021888733, -0.3623301088809967, 1) ),
            2.7726369: ( (0.9989458322525024, -0.03204475715756416, -0.03286918252706528, 0), (-0.029642431065440178, 0.09643667936325073, -0.994897723197937, 0), (0.035051047801971436, 0.9948232173919678, 0.09538513422012329, 0), (0.031247172504663467, 1.5079002380371094, -0.3631274700164795, 1) ),
            2.807054: ( (0.9989117980003357, -0.032973386347293854, -0.03298495337367058, 0), (-0.029771996662020683, 0.09358751773834229, -0.9951659440994263, 0), (0.03590096905827522, 0.995064914226532, 0.09250396490097046, 0), (0.031560953706502914, 1.5036380290985107, -0.36344844102859497, 1) ),
            2.842395: ( (0.9988728761672974, -0.03399606794118881, -0.03312467038631439, 0), (-0.02991737611591816, 0.09086615592241287, -0.9954136610031128, 0), (0.036850057542324066, 0.995282769203186, 0.08974665403366089, 0), (0.03187411651015282, 1.4994381666183472, -0.36373230814933777, 1) ),
            2.8703985: ( (0.9988366961479187, -0.034911513328552246, -0.033264677971601486, 0), (-0.03007396310567856, 0.08824646472930908, -0.9956446290016174, 0), (0.03769494965672493, 0.995486855506897, 0.08709383010864258, 0), (0.03216296061873436, 1.4952125549316406, -0.3640778958797455, 1) ),
            2.90929: ( (0.9988051056861877, -0.03567899391055107, -0.033399008214473724, 0), (-0.030243922024965286, 0.08557873964309692, -0.9958723187446594, 0), (0.038389965891838074, 0.9956924915313721, 0.08439737558364868, 0), (0.032427575439214706, 1.490976333618164, -0.3644101321697235, 1) ),
            2.9425196: ( (0.99873948097229, -0.0369541198015213, -0.03396960347890854, 0), (-0.030818434432148933, 0.0827341079711914, -0.9960951805114746, 0), (0.039620257914066315, 0.9958863854408264, 0.08149094134569168, 0), (0.032643575221300125, 1.4868896007537842, -0.3646933436393738, 1) ),
            2.9754285: ( (0.9986971616744995, -0.03786994889378548, -0.034205127507448196, 0), (-0.031086623668670654, 0.08007866144180298, -0.9963036775588989, 0), (0.04046907275915146, 0.9960689544677734, 0.0787971094250679, 0), (0.032868385314941406, 1.4827933311462402, -0.3650849759578705, 1) ),
            3.0062775: ( (0.9986597299575806, -0.0387297198176384, -0.034333184361457825, 0), (-0.03125380724668503, 0.07749098539352417, -0.9965031147003174, 0), (0.04125479608774185, 0.9962406158447266, 0.0761767029762268, 0), (0.033075813204050064, 1.4787732362747192, -0.365529328584671, 1) ),
            3.044056: ( (0.9986266493797302, -0.03949631750583649, -0.034422293305397034, 0), (-0.031387731432914734, 0.07503533363342285, -0.9966868162155151, 0), (0.0419483482837677, 0.9963984489440918, 0.07369261980056763, 0), (0.03325870260596275, 1.4748467206954956, -0.365988165140152, 1) ),
            3.0698864: ( (0.9985846281051636, -0.040392473340034485, -0.03460019454360008, 0), (-0.03160172700881958, 0.07264828681945801, -0.9968568086624146, 0), (0.042779162526130676, 0.9965393543243408, 0.07126903533935547, 0), (0.03341054543852806, 1.470969796180725, -0.3664819002151489, 1) ),
            3.1014134: ( (0.9985436201095581, -0.0412699356675148, -0.034747619181871414, 0), (-0.031787775456905365, 0.07032930850982666, -0.9970173239707947, 0), (0.043590620160102844, 0.9966698288917542, 0.06891500949859619, 0), (0.033562932163476944, 1.4671554565429688, -0.36699360609054565, 1) ),
            3.1353967: ( (0.9985052943229675, -0.04211478307843208, -0.03483683615922928, 0), (-0.031920816749334335, 0.06803357601165771, -0.9971722364425659, 0), (0.0443657711148262, 0.9967937469482422, 0.06658756732940674, 0), (0.033707257360219955, 1.4634085893630981, -0.36752232909202576, 1) ),
            3.1674627: ( (0.998469889163971, -0.04287877678871155, -0.03491819277405739, 0), (-0.03205195069313049, 0.06580448150634766, -0.9973177313804626, 0), (0.04506153613328934, 0.9969108700752258, 0.06432944536209106, 0), (0.033806927502155304, 1.45974862575531, -0.368069589138031, 1) ),
            3.2005274: ( (0.9983923435211182, -0.04432142153382301, -0.03533203899860382, 0), (-0.03247359022498131, 0.06363463401794434, -0.997444748878479, 0), (0.046456508338451385, 0.9969885349273682, 0.06209302321076393, 0), (0.03389434143900871, 1.4562829732894897, -0.36858129501342773, 1) ),
            3.2317224: ( (0.9983426332473755, -0.0452810563147068, -0.03551840782165527, 0), (-0.0326986201107502, 0.06156182289123535, -0.9975674748420715, 0), (0.04735748842358589, 0.9970756769180298, 0.0599791444838047, 0), (0.03399190679192543, 1.4528541564941406, -0.3691113293170929, 1) ),
            3.2677323: ( (0.9983008503913879, -0.04602294787764549, -0.0357394814491272, 0), (-0.03297263756394386, 0.05953550338745117, -0.9976815581321716, 0), (0.04804401099681854, 0.997164785861969, 0.05791682377457619, 0), (0.034060586243867874, 1.4494632482528687, -0.3696405291557312, 1) ),
            3.2983757: ( (0.9982479214668274, -0.046991005539894104, -0.035958193242549896, 0), (-0.03323940932750702, 0.0574113130569458, -0.9977971315383911, 0), (0.0489518940448761, 0.9972440600395203, 0.05574876070022583, 0), (0.034124698489904404, 1.4461753368377686, -0.3701557517051697, 1) ),
            3.3228594: ( (0.9981978535652161, -0.047871969640254974, -0.03618451952934265, 0), (-0.03351479023694992, 0.05544191598892212, -0.9978994131088257, 0), (0.049777548760175705, 0.9973137378692627, 0.05373764410614967, 0), (0.03416808322072029, 1.4430034160614014, -0.3706344664096832, 1) ),
            3.3494721: ( (0.9981527328491211, -0.04861017316579819, -0.036443475633859634, 0), (-0.033829543739557266, 0.05355328321456909, -0.9979918003082275, 0), (0.050464216619729996, 0.9973811507225037, 0.05180990695953369, 0), (0.034203436225652695, 1.4399118423461914, -0.3711008131504059, 1) ),
            3.3834359: ( (0.9981087446212769, -0.04932224377989769, -0.036690603941679, 0), (-0.03413509577512741, 0.0516926646232605, -0.9980795383453369, 0), (0.051124151796102524, 0.9974443912506104, 0.0499112606048584, 0), (0.03425365313887596, 1.4369025230407715, -0.371560275554657, 1) ),
            3.4170719: ( (0.9980649948120117, -0.050011180341243744, -0.036948468536138535, 0), (-0.03445057570934296, 0.04991942644119263, -0.9981589913368225, 0), (0.05176355689764023, 0.9975004196166992, 0.04809993878006935, 0), (0.034167833626270294, 1.4341377019882202, -0.3716757297515869, 1) ),
            3.4538714: ( (0.9980258941650391, -0.05061760172247887, -0.03717823699116707, 0), (-0.034739889204502106, 0.04822808876633644, -0.9982320666313171, 0), (0.05232114717364311, 0.9975531101226807, 0.04637444019317627, 0), (0.03402229771018028, 1.4314746856689453, -0.37175488471984863, 1) ),
            3.4813172: ( (0.9979876279830933, -0.05119340121746063, -0.037417903542518616, 0), (-0.03504060581326485, 0.04657244682312012, -0.9983002543449402, 0), (0.052849024534225464, 0.9976023435592651, 0.044684890657663345, 0), (0.03384322673082352, 1.4288694858551025, -0.37184056639671326, 1) ),
            3.5243877: ( (0.9979478120803833, -0.0517742745578289, -0.03767699748277664, 0), (-0.03536443039774895, 0.04487907886505127, -0.9983664155006409, 0), (0.05338060110807419, 0.9976499676704407, 0.042955994606018066, 0), (0.03363920748233795, 1.4263337850570679, -0.37194424867630005, 1) ),
            3.5529347: ( (0.9979112148284912, -0.05226559564471245, -0.03796663507819176, 0), (-0.035721588879823685, 0.043238699436187744, -0.9984260201454163, 0), (0.05382496118545532, 0.9976967573165894, 0.04128140211105347, 0), (0.0334281399846077, 1.4238804578781128, -0.3720526695251465, 1) ),
            3.5883285: ( (0.9978735446929932, -0.05276685208082199, -0.03826265409588814, 0), (-0.03608182445168495, 0.04168093204498291, -0.9984792470932007, 0), (0.05428142473101616, 0.9977365732192993, 0.0396883487701416, 0), (0.033238258212804794, 1.4215096235275269, -0.372185617685318, 1) ),
            3.615704: ( (0.9978348612785339, -0.05327950417995453, -0.0385599359869957, 0), (-0.036443110555410385, 0.040146827697753906, -0.9985291361808777, 0), (0.05474919080734253, 0.9977723360061646, 0.038118183612823486, 0), (0.033044103533029556, 1.4191904067993164, -0.37233465909957886, 1) ),
            3.6453949: ( (0.9977974891662598, -0.05374747887253761, -0.03887651860713959, 0), (-0.03682658448815346, 0.03861844539642334, -0.9985753297805786, 0), (0.055172257125377655, 0.9978076219558716, 0.03655409812927246, 0), (0.03286472335457802, 1.4169400930404663, -0.3725011646747589, 1) ),
            3.6698202: ( (0.9977550506591797, -0.05431240051984787, -0.03917970508337021, 0), (-0.03719248250126839, 0.03712916374206543, -0.9986181259155273, 0), (0.05569205433130264, 0.9978335499763489, 0.035025835037231445, 0), (0.03270348533987999, 1.4147908687591553, -0.3726976215839386, 1) ),
            3.6938375: ( (0.9977129697799683, -0.05487538501620293, -0.03946486487984657, 0), (-0.03753901273012161, 0.035694003105163574, -0.9986575841903687, 0), (0.05621037632226944, 0.997855007648468, 0.03355240821838379, 0), (0.032558683305978775, 1.4127200841903687, -0.3728994131088257, 1) ),
            3.7154078: ( (0.9976755976676941, -0.05536090210080147, -0.039732787758111954, 0), (-0.03786960244178772, 0.03430753946304321, -0.9986936450004578, 0), (0.05665171518921852, 0.9978770017623901, 0.03213125467300415, 0), (0.03242570161819458, 1.4107078313827515, -0.3731270432472229, 1) ),
            3.7461618: ( (0.9976402521133423, -0.05582475662231445, -0.03996874764561653, 0), (-0.03816786780953407, 0.03296166658401489, -0.9987276792526245, 0), (0.05707116425037384, 0.9978964328765869, 0.03075319528579712, 0), (0.03231862187385559, 1.408775806427002, -0.37337109446525574, 1) ),
            3.7694103: ( (0.9976023435592651, -0.05635949224233627, -0.040163878351449966, 0), (-0.03842255473136902, 0.03164786100387573, -0.9987603425979614, 0), (0.05756072327494621, 0.9979087710380554, 0.029406489804387093, 0), (0.032233577221632004, 1.406939148902893, -0.37363725900650024, 1) ),
            3.7930101: ( (0.9975648522377014, -0.056879378855228424, -0.040362369269132614, 0), (-0.038677625358104706, 0.03041595220565796, -0.9987887144088745, 0), (0.0580381415784359, 0.9979175925254822, 0.028141915798187256, 0), (0.03213236480951309, 1.405173659324646, -0.3738999664783478, 1) ),
            3.8176861: ( (0.9975287318229675, -0.05735691264271736, -0.040578167885541916, 0), (-0.03895038738846779, 0.029218852519989014, -0.9988139867782593, 0), (0.05847453325986862, 0.9979262351989746, 0.026912569999694824, 0), (0.03203549608588219, 1.403439998626709, -0.3741753101348877, 1) ),
            3.8493765: ( (0.9974935054779053, -0.057824455201625824, -0.04078102111816406, 0), (-0.03921111673116684, 0.028029561042785645, -0.9988378286361694, 0), (0.058900319039821625, 0.9979332089424133, 0.02569192834198475, 0), (0.03194921836256981, 1.4017821550369263, -0.374459445476532, 1) ),
            3.8871233: ( (0.997459888458252, -0.05828339606523514, -0.040948536247015, 0), (-0.03943464159965515, 0.026892483234405518, -0.9988602995872498, 0), (0.0593181774020195, 0.9979378581047058, 0.024525821208953857, 0), (0.03188059478998184, 1.4001954793930054, -0.3747705817222595, 1) ),
            3.9196932: ( (0.9974300265312195, -0.058672722429037094, -0.04111941531300545, 0), (-0.039659734815359116, 0.025830090045928955, -0.9988793134689331, 0), (0.05966908857226372, 0.9979430437088013, 0.023436786606907845, 0), (0.03177234157919884, 1.3986399173736572, -0.3750693202018738, 1) ),
            3.9502664: ( (0.9973771572113037, -0.05929499864578247, -0.04150743782520294, 0), (-0.04009941220283508, 0.024742305278778076, -0.9988892674446106, 0), (0.06025613844394684, 0.9979338049888611, 0.02229970693588257, 0), (0.03165071830153465, 1.3971613645553589, -0.3753279149532318, 1) ),
            4.04787: ( (0.9973335266113281, -0.059803470969200134, -0.041826166212558746, 0), (-0.04047153890132904, 0.023686349391937256, -0.9988999962806702, 0), (0.060728393495082855, 0.9979292154312134, 0.02120286226272583, 0), (0.03153721243143082, 1.3956974744796753, -0.37560248374938965, 1) ),
            4.0844093: ( (0.9972944855690002, -0.060304585844278336, -0.04203669726848602, 0), (-0.040734414011240005, 0.022664785385131836, -0.9989129900932312, 0), (0.06119178235530853, 0.9979226589202881, 0.02014702558517456, 0), (0.03144947811961174, 1.3943088054656982, -0.3758987784385681, 1) ),
            4.1137456: ( (0.997261643409729, -0.06070777028799057, -0.04223586618900299, 0), (-0.04098563641309738, 0.021694542840123177, -0.9989243149757385, 0), (0.06155874580144882, 0.9979199767112732, 0.019146978855133057, 0), (0.0313684456050396, 1.392939805984497, -0.37621772289276123, 1) ),
            4.1549984: ( (0.9972259402275085, -0.06115824729204178, -0.0424279123544693, 0), (-0.04122935235500336, 0.02072864957153797, -0.998934805393219, 0), (0.061972565948963165, 0.9979129433631897, 0.018149614334106445, 0), (0.031302135437726974, 1.3916311264038086, -0.3765389621257782, 1) ),
            4.1846691: ( (0.9971883296966553, -0.061656419187784195, -0.04258953779935837, 0), (-0.04143911972641945, 0.01981908269226551, -0.9989445209503174, 0), (0.06243542581796646, 0.997900664806366, 0.017208397388458252, 0), (0.031233787536621094, 1.3903669118881226, -0.37687838077545166, 1) ),
            4.22089: ( (0.99715256690979, -0.062122758477926254, -0.04275026172399521, 0), (-0.04164591804146767, 0.018964707851409912, -0.9989525079727173, 0), (0.06286843121051788, 0.997888445854187, 0.016323566436767578, 0), (0.031151900067925453, 1.3891209363937378, -0.3772042393684387, 1) ),
