#usda 1.0
(
    endTimeCode = 8.6681726
    startTimeCode = 0
    timeCodesPerSecond = 1
    upAxis = "Y"
)

def Xform "Sketch"
{
    string tiltBrush:release = "18.5"
    string tiltBrush:sketchFilePath = "C:/Users/satish.goda/Documents/Tilt Brush/Sketches/Untitled_8.tilt"
    string tiltBrush:sketchName = "Untitled_8"
    string tiltBrush:toolkitVersion = "16.0"
    matrix4d xformOp:transform = ( (1, 0, 0, 0), (0, 1, 0, 0), (0, 0, 1, 0), (0, 0, 0, 1) )
    uniform token[] xformOpOrder = ["xformOp:transform"]

    def Camera "VideoCamera"
    {
        float2 clippingRange = (0.010000001, 1000)
        uniform float eyeScale = 1
        float focalLength = 7.0237117
        float focusDistance = 0
        float fStop = 0
        float horizontalAperture = 20.955
        float horizontalApertureOffset = 0
        token projection = "perspective"
        uniform token stereoRole = "mono"
        float verticalAperture = 11.787188
        float verticalApertureOffset = 0
        matrix4d xformOp:transform = ( (1, 0, 0, 0), (0, 1, 0, 0), (0, 0, 1, 0), (0, 0, 0, 1) )
        matrix4d xformOp:transform.timeSamples = {
            0.0143257: ( (0.9696153402328491, 0.010710075497627258, -0.2444000393152237, 0), (0.03933781757950783, 0.9792143106460571, 0.19897714257240295, 0), (0.24145105481147766, -0.20254546403884888, 0.9490399956703186, 0), (0.14839698374271393, 1.5583475828170776, 0.2478831261396408, 1) ),
            0.0714499: ( (0.9696310758590698, 0.01229136437177658, -0.2442631721496582, 0), (0.03920130804181099, 0.9780126810073853, 0.2048279345035553, 0), (0.24141007661819458, -0.20818296074867249, 0.9478297233581543, 0), (0.14821873605251312, 1.5609034299850464, 0.24795769155025482, 1) ),
            0.116668: ( (0.9696162939071655, 0.012364894151687622, -0.24431821703910828, 0), (0.04033586010336876, 0.9769713282585144, 0.20952370762825012, 0), (0.2412825971841812, -0.21301238238811493, 0.946788489818573, 0), (0.14811642467975616, 1.5636025667190552, 0.2480306178331375, 1) ),
            0.1430503: ( (0.9697171449661255, 0.011977195739746094, -0.2439369112253189, 0), (0.04129040986299515, 0.9763794541358948, 0.2120807021856308, 0), (0.2407151311635971, -0.21573053300380707, 0.9463173747062683, 0), (0.14803995192050934, 1.5662506818771362, 0.24777455627918243, 1) ),
            0.1758015: ( (0.9698466062545776, 0.011943941004574299, -0.24342328310012817, 0), (0.042289067059755325, 0.9754001498222351, 0.2163475602865219, 0), (0.24001914262771606, -0.22011807560920715, 0.945483386516571, 0), (0.1479686051607132, 1.5686793327331543, 0.24756217002868652, 1) ),
            0.1934241: ( (0.9699522852897644, 0.011930390261113644, -0.2430024892091751, 0), (0.04317830502986908, 0.9745006561279297, 0.22019141912460327, 0), (0.23943303525447845, -0.2240675985813141, 0.9447039365768433, 0), (0.1479005664587021, 1.5709595680236816, 0.24728532135486603, 1) ),
            0.2082989: ( (0.9700466394424438, 0.011891644448041916, -0.2426275610923767, 0), (0.044035330414772034, 0.9736449718475342, 0.2237773835659027, 0), (0.23889420926570892, -0.22775867581367493, 0.9439574480056763, 0), (0.14783714711666107, 1.5731462240219116, 0.24698150157928467, 1) ),
            0.2240986: ( (0.9701246619224548, 0.011846184730529785, -0.24231760203838348, 0), (0.04487420618534088, 0.972810685634613, 0.2272128164768219, 0), (0.2384207844734192, -0.231298565864563, 0.9432160258293152, 0), (0.14777769148349762, 1.57522714138031, 0.24667616188526154, 1) ),
            0.2448039: ( (0.9702019691467285, 0.011799002066254616, -0.2420104295015335, 0), (0.04567078873515129, 0.972004771232605, 0.23048004508018494, 0), (0.23795472085475922, -0.23466496169567108, 0.942501962184906, 0), (0.14771533012390137, 1.577210783958435, 0.24636411666870117, 1) ),
            0.2786169: ( (0.970283031463623, 0.011755837127566338, -0.24168738722801208, 0), (0.04641329497098923, 0.9712308645248413, 0.2335730493068695, 0), (0.23748010396957397, -0.23784944415092468, 0.9418231248855591, 0), (0.14764009416103363, 1.579081416130066, 0.24605298042297363, 1) ),
            0.3587838: ( (0.9703829884529114, 0.011723527684807777, -0.241286963224411, 0), (0.04708975553512573, 0.9704815149307251, 0.2365340143442154, 0), (0.2369375377893448, -0.2408907115459442, 0.9411866068840027, 0), (0.14754775166511536, 1.5808433294296265, 0.245706245303154, 1) ),
            0.397026: ( (0.9704724550247192, 0.011681713163852692, -0.24092897772789001, 0), (0.04769306629896164, 0.9698150157928467, 0.2391323298215866, 0), (0.23645001649856567, -0.24356195330619812, 0.9406216144561768, 0), (0.14745807647705078, 1.582501769065857, 0.24535314738750458, 1) ),
            0.4280274: ( (0.9705706834793091, 0.01170329749584198, -0.24053199589252472, 0), (0.04816015809774399, 0.9692078232765198, 0.2414887249469757, 0), (0.23595170676708221, -0.24596592783927917, 0.940121054649353, 0), (0.1473381519317627, 1.5839941501617432, 0.24487753212451935, 1) ),
            0.4612551: ( (0.9706627726554871, 0.01175609789788723, -0.2401575744152069, 0), (0.0483853742480278, 0.9688217639923096, 0.24298816919326782, 0), (0.23552647233009338, -0.24747967720031738, 0.9398304224014282, 0), (0.14719128608703613, 1.585369348526001, 0.24434295296669006, 1) ),
            0.4941612: ( (0.9707067012786865, 0.011800754815340042, -0.23997755348682404, 0), (0.04866577684879303, 0.968433678150177, 0.24447472393512726, 0), (0.23528732359409332, -0.2489919662475586, 0.9394907355308533, 0), (0.14703471958637238, 1.5866323709487915, 0.2438034862279892, 1) ),
            0.5267472: ( (0.9707950949668884, 0.011711709201335907, -0.2396240532398224, 0), (0.04900754243135452, 0.968065619468689, 0.24586012959480286, 0), (0.23485122621059418, -0.2504231929779053, 0.9392194747924805, 0), (0.14685122668743134, 1.587769865989685, 0.24318920075893402, 1) ),
            0.5637783: ( (0.9708577394485474, 0.01188598945736885, -0.23936153948307037, 0), (0.04889827221632004, 0.9679344892501831, 0.2463976889848709, 0), (0.23461496829986572, -0.25092145800590515, 0.939145565032959, 0), (0.14663515985012054, 1.5887337923049927, 0.2425479143857956, 1) ),
            0.59427: ( (0.9708964228630066, 0.012113739736378193, -0.23919345438480377, 0), (0.04885760694742203, 0.9677004218101501, 0.2473234385251999, 0), (0.234463632106781, -0.2518118619918823, 0.938944935798645, 0), (0.14639942348003387, 1.5895527601242065, 0.24190779030323029, 1) ),
            0.6290017: ( (0.9709653258323669, 0.012075415812432766, -0.23891521990299225, 0), (0.04891156777739525, 0.9676052331924438, 0.24768483638763428, 0), (0.23416651785373688, -0.2521790862083435, 0.9389204978942871, 0), (0.1461630016565323, 1.590305209159851, 0.24119554460048676, 1) ),
            0.6616318: ( (0.9711043834686279, 0.011879635974764824, -0.23835958540439606, 0), (0.048888079822063446, 0.9676783680915833, 0.24740391969680786, 0), (0.23359446227550507, -0.25190794467926025, 0.9391357898712158, 0), (0.14592032134532928, 1.590996265411377, 0.2404146045446396, 1) ),
            0.695712: ( (0.9711261987686157, 0.012164108455181122, -0.23825636506080627, 0), (0.04849281907081604, 0.9677847623825073, 0.24706530570983887, 0), (0.23358619213104248, -0.25148528814315796, 0.9392511248588562, 0), (0.14567558467388153, 1.5914617776870728, 0.23968605697155, 1) ),
            0.7308335: ( (0.9711816310882568, 0.012280214577913284, -0.2380240559577942, 0), (0.048116348683834076, 0.9680073857307434, 0.2462652623653412, 0), (0.23343323171138763, -0.25062114000320435, 0.9395200610160828, 0), (0.14540620148181915, 1.5918282270431519, 0.23888015747070312, 1) ),
            0.7619448: ( (0.9712991118431091, 0.012150660157203674, -0.23755094408988953, 0), (0.04787132143974304, 0.9682738184928894, 0.24526333808898926, 0), (0.2329944670200348, -0.24959594011306763, 0.9399018287658691, 0), (0.14513541758060455, 1.5921111106872559, 0.23798911273479462, 1) ),
            0.8016118: ( (0.9714127779006958, 0.012347506359219551, -0.23707547783851624, 0), (0.047173477709293365, 0.9686915874481201, 0.24374452233314514, 0), (0.2326626479625702, -0.24796020984649658, 0.9404168128967285, 0), (0.14484557509422302, 1.5921998023986816, 0.23704449832439423, 1) ),
            0.8293605: ( (0.9714457988739014, 0.01259607169777155, -0.23692698776721954, 0), (0.04641619324684143, 0.9692047834396362, 0.24184240400791168, 0), (0.23267702758312225, -0.24593400955200195, 0.9409452080726624, 0), (0.14454354345798492, 1.592142939567566, 0.23612137138843536, 1) ),
            0.862055: ( (0.9715897440910339, 0.012401891872286797, -0.23634620010852814, 0), (0.04595986008644104, 0.9697288274765015, 0.23982024192810059, 0), (0.23216596245765686, -0.2438693344593048, 0.9416086077690125, 0), (0.14422449469566345, 1.5920355319976807, 0.2351008504629135, 1) ),
            0.8959414: ( (0.971703827381134, 0.012030116282403469, -0.23589609563350677, 0), (0.045632220804691315, 0.9703267216682434, 0.2374526709318161, 0), (0.23175285756587982, -0.24149811267852783, 0.9423213005065918, 0), (0.1438886970281601, 1.5918292999267578, 0.23406937718391418, 1) ),
            0.9278371: ( (0.9717440009117126, 0.012151448987424374, -0.2357245832681656, 0), (0.044835999608039856, 0.9709887504577637, 0.23488445580005646, 0), (0.2317400872707367, -0.23881646990776062, 0.9430075287818909, 0), (0.14351898431777954, 1.5914119482040405, 0.23306520283222198, 1) ),
            0.9629369: ( (0.9718440771102905, 0.01229940913617611, -0.23530390858650208, 0), (0.043942466378211975, 0.9716562032699585, 0.23227843642234802, 0), (0.23149138689041138, -0.23607823252677917, 0.9437578320503235, 0), (0.14311933517456055, 1.5908688306808472, 0.23200710117816925, 1) ),
            1.0014052: ( (0.971880316734314, 0.012036014348268509, -0.23516757786273956, 0), (0.04340386018157005, 0.9724241495132446, 0.22914499044418335, 0), (0.23144060373306274, -0.2329087108373642, 0.9445574283599854, 0), (0.1427326202392578, 1.5902866125106812, 0.23096826672554016, 1) ),
            1.0300036: ( (0.9718655943870544, 0.012032928876578808, -0.2352285385131836, 0), (0.04264079034328461, 0.9732034802436829, 0.22595731914043427, 0), (0.2316441535949707, -0.2296304851770401, 0.9453099370002747, 0), (0.14233599603176117, 1.5895624160766602, 0.22996602952480316, 1) ),
            1.0634901: ( (0.9719748497009277, 0.011706174351274967, -0.2347932606935501, 0), (0.04208900406956673, 0.9739563465118408, 0.22279499471187592, 0), (0.2312864363193512, -0.22643335163593292, 0.9461683630943298, 0), (0.14191889762878418, 1.5887727737426758, 0.2288929671049118, 1) ),
            1.0967657: ( (0.9719918966293335, 0.01118006743490696, -0.2347484529018402, 0), (0.041715070605278015, 0.9747990965843201, 0.2191496193408966, 0), (0.23128269612789154, -0.22280418872833252, 0.9470304250717163, 0), (0.1415189653635025, 1.5879125595092773, 0.2278873473405838, 1) ),
            1.133823: ( (0.9719702005386353, 0.011050894856452942, -0.2348441630601883, 0), (0.040984172374010086, 0.9756357669830322, 0.21553462743759155, 0), (0.23150421679019928, -0.2191181182861328, 0.9478359818458557, 0), (0.14111298322677612, 1.5868958234786987, 0.22692547738552094, 1) ),
            1.1613049: ( (0.972016453742981, 0.01097987499088049, -0.2346561700105667, 0), (0.040101926773786545, 0.9764888286590576, 0.21180547773838043, 0), (0.231464684009552, -0.21528856456279755, 0.9487228393554688, 0), (0.14069901406764984, 1.5857800245285034, 0.225922092795372, 1) ),
            1.1943034: ( (0.9719791412353516, 0.010579307563602924, -0.2348288893699646, 0), (0.03957269340753555, 0.9773648977279663, 0.20782658457756042, 0), (0.23171216249465942, -0.2112959325313568, 0.9495596885681152, 0), (0.1403384804725647, 1.584644079208374, 0.22497761249542236, 1) ),
            1.2357551: ( (0.9719452857971191, 0.010056713595986366, -0.23499196767807007, 0), (0.03913130611181259, 0.9782478213310242, 0.2037152498960495, 0), (0.23192909359931946, -0.20719560980796814, 0.9504098296165466, 0), (0.1400132030248642, 1.58345627784729, 0.2240390032529831, 1) ),
            1.2613005: ( (0.9720558524131775, 0.009630680084228516, -0.23455196619033813, 0), (0.038413792848587036, 0.9791643619537354, 0.1994030773639679, 0), (0.231585294008255, -0.20284093916416168, 0.9514325261116028, 0), (0.1396884173154831, 1.5821633338928223, 0.22300206124782562, 1) ),
            1.2950102: ( (0.9721123576164246, 0.00907240528613329, -0.2343401163816452, 0), (0.03787251561880112, 0.980061948299408, 0.1950492262840271, 0), (0.23143739998340607, -0.19848480820655823, 0.9523867964744568, 0), (0.1394118070602417, 1.58082115650177, 0.22203455865383148, 1) ),
            1.328799: ( (0.972125232219696, 0.008606335148215294, -0.23430420458316803, 0), (0.03724709898233414, 0.9809666872024536, 0.19057011604309082, 0), (0.23148474097251892, -0.19398516416549683, 0.9533019065856934, 0), (0.13915573060512543, 1.57939612865448, 0.2211371213197708, 1) ),
            1.3655805: ( (0.9722048044204712, 0.007924280129373074, -0.2339978665113449, 0), (0.03675338253378868, 0.9818711280822754, 0.18595227599143982, 0), (0.2312292903661728, -0.18938392400741577, 0.9542886018753052, 0), (0.13891592621803284, 1.5779380798339844, 0.22022143006324768, 1) ),
            1.396481: ( (0.9722175598144531, 0.006986595690250397, -0.2339751422405243, 0), (0.03653524070978165, 0.9827751517295837, 0.1811579465866089, 0), (0.2312106192111969, -0.1846732497215271, 0.9552159309387207, 0), (0.13871259987354279, 1.5764546394348145, 0.21937024593353271, 1) ),
            1.4274051: ( (0.9722790122032166, 0.006426535546779633, -0.23373541235923767, 0), (0.035935431718826294, 0.9836395978927612, 0.1765272617340088, 0), (0.23104584217071533, -0.1800331324338913, 0.9561412334442139, 0), (0.13850753009319305, 1.574828028678894, 0.21851594746112823, 1) ),
            1.4616565: ( (0.9723936319351196, 0.0056037139147520065, -0.2332795411348343, 0), (0.03551200032234192, 0.9845131635665894, 0.17167630791664124, 0), (0.2306288182735443, -0.17522117495536804, 0.9571352601051331, 0), (0.13834017515182495, 1.5731614828109741, 0.21763062477111816, 1) ),
            1.4952573: ( (0.9724769592285156, 0.004281437024474144, -0.23295965790748596, 0), (0.03552164137363434, 0.9854193925857544, 0.16639357805252075, 0), (0.23027536273002625, -0.17008903622627258, 0.9581456184387207, 0), (0.138239786028862, 1.5714824199676514, 0.21676142513751984, 1) ),
            1.5274368: ( (0.9725952744483948, 0.0030969104263931513, -0.23248417675495148, 0), (0.03539479523897171, 0.9862849116325378, 0.16121205687522888, 0), (0.22979488968849182, -0.1650228202342987, 0.9591463804244995, 0), (0.13816632330417633, 1.5696691274642944, 0.21589787304401398, 1) ),
            1.5616565: ( (0.9728058576583862, 0.0022740252315998077, -0.23161090910434723, 0), (0.03478033468127251, 0.9871799349784851, 0.15577585995197296, 0), (0.2289958894252777, -0.15959517657756805, 0.9602553248405457, 0), (0.1380876749753952, 1.5676640272140503, 0.2149699181318283, 1) ),
            1.5972856: ( (0.9729822874069214, 0.0010484680533409119, -0.23087731003761292, 0), (0.034536365419626236, 0.9880775809288025, 0.1500331163406372, 0), (0.22828198969364166, -0.15395322442054749, 0.9613457918167114, 0), (0.13805288076400757, 1.565598487854004, 0.2140418291091919, 1) ),
            1.6283342: ( (0.9730818271636963, 0.00005301088094711304, -0.23046022653579712, 0), (0.03409137949347496, 0.9889650940895081, 0.14417293667793274, 0), (0.22792474925518036, -0.14814874529838562, 0.9623420834541321, 0), (0.13801763951778412, 1.5633891820907593, 0.2131403237581253, 1) ),
            1.6614689: ( (0.973299503326416, -0.0007844791398383677, -0.2295374870300293, 0), (0.033368468284606934, 0.9898548722267151, 0.13810813426971436, 0), (0.2271004617214203, -0.1420798897743225, 0.9634515047073364, 0), (0.13796161115169525, 1.5610427856445312, 0.21211829781532288, 1) ),
            1.6961087: ( (0.973499059677124, -0.0020333286374807358, -0.22868186235427856, 0), (0.03303244709968567, 0.990724503993988, 0.13181014358997345, 0), (0.2262926995754242, -0.13587097823619843, 0.9645366072654724, 0), (0.13793466985225677, 1.5586533546447754, 0.2110821008682251, 1) ),
            1.7301996: ( (0.973637044429779, -0.0032772989943623543, -0.2280796319246292, 0), (0.032675571739673615, 0.9915884733200073, 0.12523877620697021, 0), (0.22575066983699799, -0.12938973307609558, 0.9655542373657227, 0), (0.1379120796918869, 1.5561707019805908, 0.21006405353546143, 1) ),
            1.7743742: ( (0.9738680124282837, -0.004171606153249741, -0.22707661986351013, 0), (0.03191393241286278, 0.9924245476722717, 0.11863815784454346, 0), (0.2248615026473999, -0.1227848157286644, 0.9666236639022827, 0), (0.13784606754779816, 1.5535236597061157, 0.20896749198436737, 1) ),
            1.7952789: ( (0.9740307331085205, -0.005353797227144241, -0.22635242342948914, 0), (0.031390849500894547, 0.9932588338851929, 0.11158683151006699, 0), (0.2242291122674942, -0.11579439789056778, 0.9676326513290405, 0), (0.13778209686279297, 1.550818681716919, 0.20786599814891815, 1) ),
            1.8299476: ( (0.974223256111145, -0.006318246014416218, -0.22549772262573242, 0), (0.03064395673573017, 0.9940485954284668, 0.10453946143388748, 0), (0.22349520027637482, -0.10875490307807922, 0.9686187505722046, 0), (0.13770420849323273, 1.547993540763855, 0.2067231684923172, 1) ),
            1.8680812: ( (0.9744921922683716, -0.007339331321418285, -0.224301278591156, 0), (0.029899775981903076, 0.994800865650177, 0.09735089540481567, 0), (0.2224206179380417, -0.10157424211502075, 0.9696451425552368, 0), (0.13762542605400085, 1.545085072517395, 0.20549516379833221, 1) ),
            1.8974182: ( (0.9746822118759155, -0.008588689379394054, -0.22342970967292786, 0), (0.029362941160798073, 0.9955247640609741, 0.08982370793819427, 0), (0.2216583490371704, -0.09411011636257172, 0.9705724716186523, 0), (0.13756278157234192, 1.5421322584152222, 0.204300194978714, 1) ),
            1.930218: ( (0.9749007821083069, -0.009594875387847424, -0.2224329710006714, 0), (0.028600972145795822, 0.9961902499198914, 0.08238343894481659, 0), (0.22079509496688843, -0.08667747676372528, 0.9714610576629639, 0), (0.13749317824840546, 1.5390583276748657, 0.20309264957904816, 1) ),
            1.9664919: ( (0.975155234336853, -0.010733208619058132, -0.22126251459121704, 0), (0.027939675375819206, 0.9968084096908569, 0.07478251308202744, 0), (0.2197536826133728, -0.07910656929016113, 0.9723427891731262, 0), (0.1374291330575943, 1.535938024520874, 0.20184902846813202, 1) ),
            1.9981715: ( (0.9753394722938538, -0.012123916298151016, -0.2203769087791443, 0), (0.02753007970750332, 0.997374951839447, 0.06697198748588562, 0), (0.21898643672466278, -0.0713874101638794, 0.973112940788269, 0), (0.13739345967769623, 1.532802700996399, 0.20065045356750488, 1) ),
            2.0314428: ( (0.9755576252937317, -0.013417335227131844, -0.21933382749557495, 0), (0.02706226147711277, 0.9978718161582947, 0.059325166046619415, 0), (0.2180710732936859, -0.06381078064441681, 0.9738445281982422, 0), (0.13735714554786682, 1.52961003780365, 0.19944120943546295, 1) ),
            2.0643605: ( (0.9758206605911255, -0.01455204002559185, -0.21808786690235138, 0), (0.026408040896058083, 0.9983212947845459, 0.051547572016716, 0), (0.21697165071964264, -0.05606045573949814, 0.9745668768882751, 0), (0.13729777932167053, 1.5263450145721436, 0.19819983839988708, 1) ),
            2.096048: ( (0.9760398268699646, -0.01574377343058586, -0.21702171862125397, 0), (0.02581651508808136, 0.9987130165100098, 0.04365663602948189, 0), (0.21605508029460907, -0.048213355243206024, 0.9751900434494019, 0), (0.13724283874034882, 1.5230659246444702, 0.1969817578792572, 1) ),
            2.1274756: ( (0.9762373566627502, -0.016904154792428017, -0.21604375541210175, 0), (0.025236578658223152, 0.9990378618240356, 0.035867735743522644, 0), (0.2152296006679535, -0.040467627346515656, 0.9757246971130371, 0), (0.1371735781431198, 1.5197606086730957, 0.19580580294132233, 1) ),
            2.1612775: ( (0.9764727354049683, -0.017874274402856827, -0.214898943901062, 0), (0.02447485737502575, 0.9993057250976562, 0.028093045577406883, 0), (0.21424758434295654, -0.03269171342253685, 0.9762322306632996, 0), (0.13708022236824036, 1.5163792371749878, 0.19462309777736664, 1) ),
            2.1967718: ( (0.9766886234283447, -0.019056063145399094, -0.21381349861621857, 0), (0.0239093117415905, 0.9995114207267761, 0.020135313272476196, 0), (0.21332530677318573, -0.024778064340353012, 0.976667046546936, 0), (0.1369854211807251, 1.5130056142807007, 0.19344893097877502, 1) ),
            2.2298518: ( (0.9768562316894531, -0.019930802285671234, -0.21296674013137817, 0), (0.023073403164744377, 0.9996583461761475, 0.012280814349651337, 0), (0.21264924108982086, -0.016910456120967865, 0.9769823551177979, 0), (0.13685312867164612, 1.5095477104187012, 0.19232672452926636, 1) ),
            2.2650492: ( (0.9770721793174744, -0.020509760826826096, -0.21191821992397308, 0), (0.02193293534219265, 0.9997498989105225, 0.0043669193983078, 0), (0.21177566051483154, -0.008914783596992493, 0.9772776961326599, 0), (0.13669155538082123, 1.5060068368911743, 0.19118236005306244, 1) ),
            2.2984265: ( (0.9772279262542725, -0.02146352268755436, -0.21110430359840393, 0), (0.021156124770641327, 0.9997692704200745, -0.0037148406263440847, 0), (0.21113532781600952, -0.0008359026978723705, 0.9774565100669861, 0), (0.13654668629169464, 1.5025060176849365, 0.19006340205669403, 1) ),
            2.3274067: ( (0.9773906469345093, -0.022164760157465935, -0.21027690172195435, 0), (0.020132508128881454, 0.999727725982666, -0.011800643987953663, 0), (0.210481196641922, 0.007300437428057194, 0.977570652961731, 0), (0.1363850235939026, 1.498940348625183, 0.1889447718858719, 1) ),
            2.360787: ( (0.9775936007499695, -0.02271970920264721, -0.2092718929052353, 0), (0.018983019515872, 0.9996228814125061, -0.019847199320793152, 0), (0.2096438705921173, 0.015429881401360035, 0.9776561260223389, 0), (0.13620522618293762, 1.4953311681747437, 0.1878182291984558, 1) ),
            2.3957048: ( (0.9777321815490723, -0.023417558521032333, -0.2085460126399994, 0), (0.01798257976770401, 0.9994484186172485, -0.027919474989175797, 0), (0.20908477902412415, 0.023547571152448654, 0.9776139855384827, 0), (0.1360282152891159, 1.491730809211731, 0.1867602914571762, 1) ),
            2.4321371: ( (0.9778784513473511, -0.024006694555282593, -0.20779214799404144, 0), (0.01688423752784729, 0.9992098212242126, -0.03598303720355034, 0), (0.20849180221557617, 0.03167862072587013, 0.977510929107666, 0), (0.13585995137691498, 1.4881072044372559, 0.18571434915065765, 1) ),
            2.4638055: ( (0.9780468940734863, -0.024553991854190826, -0.20693345367908478, 0), (0.015761468559503555, 0.9989058375358582, -0.044031884521245956, 0), (0.20778818428516388, 0.03980366885662079, 0.977363646030426, 0), (0.13571913540363312, 1.4844787120819092, 0.18466709554195404, 1) ),
            2.4947605: ( (0.9781756401062012, -0.025294246152043343, -0.20623432099819183, 0), (0.014821222051978111, 0.998528242111206, -0.052170079201459885, 0), (0.20725040137767792, 0.047974854707717896, 0.9771108627319336, 0), (0.13559982180595398, 1.4808611869812012, 0.18366073071956635, 1) ),
            2.5299339: ( (0.9782917499542236, -0.025878211483359337, -0.20561011135578156, 0), (0.013730483129620552, 0.9980864524841309, -0.06029018759727478, 0), (0.20677687227725983, 0.056158266961574554, 0.9767751693725586, 0), (0.13548748195171356, 1.4771989583969116, 0.18269547820091248, 1) ),
            2.5627223: ( (0.9784782528877258, -0.02620350569486618, -0.20467953383922577, 0), (0.012394808232784271, 0.9975770115852356, -0.06845807284116745, 0), (0.2059774249792099, 0.06444776803255081, 0.976432204246521, 0), (0.13534866273403168, 1.4734748601913452, 0.18169425427913666, 1) ),
            2.5951464: ( (0.9786055088043213, -0.026579860597848892, -0.20402148365974426, 0), (0.01112604420632124, 0.9970057606697083, -0.07652265578508377, 0), (0.2054445445537567, 0.07261554151773453, 0.9759711027145386, 0), (0.13521142303943634, 1.469761848449707, 0.1807713508605957, 1) ),
            2.6298966: ( (0.9787269830703735, -0.026877816766500473, -0.2033989429473877, 0), (0.009792560711503029, 0.9963717460632324, -0.08454346656799316, 0), (0.2049332857131958, 0.08075318485498428, 0.9754390120506287, 0), (0.13506245613098145, 1.4660449028015137, 0.17989236116409302, 1) ),
            2.6606724: ( (0.9788668155670166, -0.02709421142935753, -0.2026960849761963, 0), (0.008396881632506847, 0.9956735372543335, -0.09254033863544464, 0), (0.20432642102241516, 0.08888265490531921, 0.9748592376708984, 0), (0.13489322364330292, 1.4623116254806519, 0.1790304332971573, 1) ),
            2.695396: ( (0.9789466261863708, -0.02754027768969536, -0.20225031673908234, 0), (0.007222315296530724, 0.9949090480804443, -0.10051807761192322, 0), (0.2039889395236969, 0.09694110602140427, 0.974161684513092, 0), (0.13473086059093475, 1.4586299657821655, 0.17824827134609222, 1) ),
            2.7331415: ( (0.9790498614311218, -0.027646532282233238, -0.20173493027687073, 0), (0.005737028084695339, 0.9940917491912842, -0.10839150100946426, 0), (0.2035396695137024, 0.10496332496404648, 0.9734240174293518, 0), (0.13453960418701172, 1.4548921585083008, 0.17749164998531342, 1) ),
            2.763346: ( (0.9791373014450073, -0.027808628976345062, -0.20128829777240753, 0), (0.0042937034741044044, 0.9932016134262085, -0.1163279116153717, 0), (0.2031548023223877, 0.11303671449422836, 0.9726000428199768, 0), (0.13434350490570068, 1.4511620998382568, 0.1767682582139969, 1) ),
            2.7950136: ( (0.9791916608810425, -0.028095535933971405, -0.20098350942134857, 0), (0.0029640281572937965, 0.9922446012496948, -0.1242653951048851, 0), (0.20291610062122345, 0.12108392268419266, 0.9716808795928955, 0), (0.13414129614830017, 1.4474550485610962, 0.17608170211315155, 1) ),
            2.8285306: ( (0.9792238473892212, -0.02815023995935917, -0.20081877708435059, 0), (0.0014032553881406784, 0.9912346601486206, -0.13210612535476685, 0), (0.20277732610702515, 0.129079669713974, 0.9706800580024719, 0), (0.13392554223537445, 1.4437179565429688, 0.17544874548912048, 1) ),
            2.8633463: ( (0.9793112277984619, -0.028153255581855774, -0.20039191842079163, 0), (-0.0001726420596241951, 0.9901582598686218, -0.13995200395584106, 0), (0.20235982537269592, 0.13709115982055664, 0.9696682691574097, 0), (0.13370750844478607, 1.4399776458740234, 0.17478466033935547, 1) ),
            2.8927392: ( (0.9793912768363953, -0.02830863930284977, -0.1999785304069519, 0), (-0.0016018133610486984, 0.989008903503418, -0.14784736931324005, 0), (0.20196589827537537, 0.1451207548379898, 0.9685813784599304, 0), (0.1335027813911438, 1.436277985572815, 0.17412827908992767, 1) ),
            2.9274524: ( (0.9794504046440125, -0.02831299602985382, -0.1996879279613495, 0), (-0.003151938319206238, 0.987827718257904, -0.15552031993865967, 0), (0.20166052877902985, 0.1529538333415985, 0.9674390554428101, 0), (0.1333005279302597, 1.4325661659240723, 0.1735135167837143, 1) ),
            2.9612472: ( (0.9795528054237366, -0.02855849638581276, -0.19914986193180084, 0), (-0.004453770816326141, 0.9865530729293823, -0.16338035464286804, 0), (0.20113782584667206, 0.1609266698360443, 0.9662537574768066, 0), (0.13311104476451874, 1.4288899898529053, 0.1728634536266327, 1) ),
            2.9982033: ( (0.9796395301818848, -0.0287884920835495, -0.19868998229503632, 0), (-0.005772965494543314, 0.9852170944213867, -0.17121315002441406, 0), (0.20068171620368958, 0.16887420415878296, 0.9649913907051086, 0), (0.13292665779590607, 1.4252030849456787, 0.1722354143857956, 1) ),
            3.0272971: ( (0.979708194732666, -0.028750335797667503, -0.19835636019706726, 0), (-0.007342394441366196, 0.9838459491729736, -0.17886650562286377, 0), (0.2002945840358734, 0.1766934096813202, 0.9636708498001099, 0), (0.13273712992668152, 1.4214565753936768, 0.17165033519268036, 1) ),
            3.0621935: ( (0.9798091053962708, -0.02889627404510975, -0.19783614575862885, 0), (-0.008729328401386738, 0.9823743104934692, -0.1867203265428543, 0), (0.19974468648433685, 0.18467724323272705, 0.9622871279716492, 0), (0.13256265223026276, 1.4177327156066895, 0.1710277795791626, 1) ),
            3.094752: ( (0.9798776507377625, -0.029326830059289932, -0.19743329286575317, 0), (-0.009846288710832596, 0.9808406829833984, -0.19456249475479126, 0), (0.19935651123523712, 0.19259138405323029, 0.9608150720596313, 0), (0.13242192566394806, 1.4140634536743164, 0.1704230159521103, 1) ),
            3.1296369: ( (0.9799546003341675, -0.0293534267693758, -0.19704653322696686, 0), (-0.011325111612677574, 0.9792783260345459, -0.20220233500003815, 0), (0.19889873266220093, 0.20038068294525146, 0.959315836429596, 0), (0.13228444755077362, 1.41034996509552, 0.16984592378139496, 1) ),
            3.1642041: ( (0.9800775051116943, -0.029743220657110214, -0.19637587666511536, 0), (-0.012364559806883335, 0.9776687622070312, -0.20978771150112152, 0), (0.1982303261756897, 0.20803631842136383, 0.9578233957290649, 0), (0.13218598067760468, 1.4067331552505493, 0.16921010613441467, 1) ),
            3.1969131: ( (0.9801723957061768, -0.030214235186576843, -0.19582945108413696, 0), (-0.013339048251509666, 0.9760023355484009, -0.2173510044813156, 0), (0.19769711792469025, 0.21565364301204681, 0.9562475681304932, 0), (0.13211125135421753, 1.4031732082366943, 0.16858874261379242, 1) ),
            3.232835: ( (0.9802382588386536, -0.030477255582809448, -0.19545862078666687, 0), (-0.014440490864217281, 0.9744004011154175, -0.2243553102016449, 0), (0.19729270040988922, 0.2227441817522049, 0.9547045230865479, 0), (0.13205789029598236, 1.3996611833572388, 0.1679975837469101, 1) ),
            3.2645244: ( (0.9803577661514282, -0.030933933332562447, -0.19478651881217957, 0), (-0.015289245173335075, 0.9727315902709961, -0.23142948746681213, 0), (0.19663402438163757, 0.22986182570457458, 0.9531519412994385, 0), (0.13204343616962433, 1.3962582349777222, 0.16735707223415375, 1) ),
            3.2930121: ( (0.9804620742797852, -0.03136724606156349, -0.19419130682945251, 0), (-0.01611649990081787, 0.9710758328437805, -0.23822693526744843, 0), (0.19604699313640594, 0.23670217394828796, 0.9515974521636963, 0), (0.13205258548259735, 1.39292311668396, 0.1667284071445465, 1) ),
            3.3296655: ( (0.98057621717453, -0.0316498689353466, -0.19356824457645416, 0), (-0.017040351405739784, 0.9694163799285889, -0.24482977390289307, 0), (0.1953970491886139, 0.24337269365787506, 0.9500473141670227, 0), (0.13206170499324799, 1.3896321058273315, 0.16609995067119598, 1) ),
            3.3728056: ( (0.9806876182556152, -0.03191594406962395, -0.19295933842658997, 0), (-0.01792490854859352, 0.9677761793136597, -0.2511732876300812, 0), (0.194757878780365, 0.2497812956571579, 0.9485139846801758, 0), (0.13208885490894318, 1.3864145278930664, 0.16547329723834991, 1) ),
            3.394193: ( (0.9807901978492737, -0.03232167661190033, -0.1923692375421524, 0), (-0.01868809573352337, 0.9660711288452148, -0.2575991153717041, 0), (0.19416840374469757, 0.2562456727027893, 0.9469091296195984, 0), (0.13214728236198425, 1.383276343345642, 0.1648288369178772, 1) ),
            3.4287452: ( (0.9808921217918396, -0.032635197043418884, -0.19179610908031464, 0), (-0.019472366198897362, 0.9644118547439575, -0.2636865973472595, 0), (0.1935759037733078, 0.2623828053474426, 0.9453484416007996, 0), (0.13219760358333588, 1.3802073001861572, 0.16420017182826996, 1) ),
            3.4632867: ( (0.9809987545013428, -0.03287132829427719, -0.1912093460559845, 0), (-0.02029396779835224, 0.9627509117126465, -0.26962730288505554, 0), (0.19294998049736023, 0.2683844268321991, 0.9437903165817261, 0), (0.1322488635778427, 1.3771979808807373, 0.16356907784938812, 1) ),
            3.4944773: ( (0.981101930141449, -0.0330841951072216, -0.1906423568725586, 0), (-0.021112767979502678, 0.9610863924026489, -0.2754400968551636, 0), (0.19233646988868713, 0.2742598056793213, 0.9422251582145691, 0), (0.13231228291988373, 1.3742499351501465, 0.16294655203819275, 1) ),
            3.5261018: ( (0.9812077879905701, -0.033297862857580185, -0.1900593787431717, 0), (-0.02190271206200123, 0.9594104290008545, -0.28116175532341003, 0), (0.19170701503753662, 0.2800408899784088, 0.9406516551971436, 0), (0.13238222897052765, 1.3713487386703491, 0.1623186469078064, 1) ),
            3.5605276: ( (0.9813201427459717, -0.03345837444067001, -0.18945008516311646, 0), (-0.02273736707866192, 0.9576874375343323, -0.28691092133522034, 0), (0.19103354215621948, 0.285859078168869, 0.9390371441841125, 0), (0.1324377954006195, 1.3684699535369873, 0.16168685257434845, 1) ),
            3.5944709: ( (0.9814122319221497, -0.033584460616111755, -0.1889500766992569, 0), (-0.02359047345817089, 0.9559898972511292, -0.2924496531486511, 0), (0.19045613706111908, 0.29147106409072876, 0.9374278783798218, 0), (0.13247664272785187, 1.3656091690063477, 0.16109012067317963, 1) ),
            3.625046: ( (0.9815008640289307, -0.03361125290393829, -0.18848443031311035, 0), (-0.02457035332918167, 0.9542166590690613, -0.29810550808906555, 0), (0.18987467885017395, 0.29722192883491516, 0.9357386231422424, 0), (0.13249164819717407, 1.3627510070800781, 0.16049771010875702, 1) ),
            3.6580723: ( (0.981596052646637, -0.03357784450054169, -0.18799400329589844, 0), (-0.025572892278432846, 0.9524423480033875, -0.3036438226699829, 0), (0.18924914300441742, 0.30286312103271484, 0.934054970741272, 0), (0.13249032199382782, 1.3599451780319214, 0.1599186658859253, 1) ),
            3.7069524: ( (0.9816580414772034, -0.03347647190093994, -0.1876881718635559, 0), (-0.0266923476010561, 0.9506338238716125, -0.30916503071784973, 0), (0.18877246975898743, 0.308504194021225, 0.9323036670684814, 0), (0.1324649453163147, 1.3571528196334839, 0.15938475728034973, 1) ),
            3.7359812: ( (0.9817167520523071, -0.03332456573843956, -0.1874077320098877, 0), (-0.027847008779644966, 0.9488186836242676, -0.31459128856658936, 0), (0.18829956650733948, 0.3140583336353302, 0.9305431842803955, 0), (0.1324077546596527, 1.354368805885315, 0.15885896980762482, 1) ),
            3.7788181: ( (0.981746256351471, -0.03311565890908241, -0.18729031085968018, 0), (-0.029119664803147316, 0.9469448328018188, -0.3200743794441223, 0), (0.18795305490493774, 0.3196856379508972, 0.9286952018737793, 0), (0.1323276311159134, 1.35159432888031, 0.15837353467941284, 1) ),
            3.8096083: ( (0.9817771911621094, -0.03277675062417984, -0.1871880739927292, 0), (-0.03050241433084011, 0.9450628757476807, -0.32546237111091614, 0), (0.18757209181785583, 0.32524120807647705, 0.9268414378166199, 0), (0.13221034407615662, 1.348784327507019, 0.15792089700698853, 1) ),
            3.8400672: ( (0.9817927479743958, -0.03246116265654564, -0.18716102838516235, 0), (-0.03189648315310478, 0.9431281089782715, -0.33089572191238403, 0), (0.18725809454917908, 0.3308407962322235, 0.9249209761619568, 0), (0.13206857442855835, 1.345949411392212, 0.1574854701757431, 1) ),
            3.8721254: ( (0.9817882776260376, -0.03221911936998367, -0.18722622096538544, 0), (-0.033233724534511566, 0.9411900639533997, -0.3362392783164978, 0), (0.1870487630367279, 0.33633801341056824, 0.9229786396026611, 0), (0.13191483914852142, 1.3431493043899536, 0.15707409381866455, 1) ),
            3.9121152: ( (0.9817936420440674, -0.03161221370100975, -0.1873018741607666, 0), (-0.03493417426943779, 0.9391851425170898, -0.34162965416908264, 0), (0.18671080470085144, 0.3419530689716339, 0.9209817051887512, 0), (0.13172601163387299, 1.3403090238571167, 0.15669052302837372, 1) ),
            3.945825: ( (0.9817712306976318, -0.03125700727105141, -0.18747909367084503, 0), (-0.03642330691218376, 0.9371634721755981, -0.3469841480255127, 0), (0.186544269323349, 0.3474876284599304, 0.9189415574073792, 0), (0.13154073059558868, 1.337550401687622, 0.15633898973464966, 1) ),
            3.9762681: ( (0.9817554950714111, -0.03093056194484234, -0.18761518597602844, 0), (-0.03780084475874901, 0.9352400898933411, -0.35199013352394104, 0), (0.18635249137878418, 0.35266026854515076, 0.9170079231262207, 0), (0.13135065138339996, 1.3348534107208252, 0.15600340068340302, 1) ),
            4.008561: ( (0.981732964515686, -0.030575359240174294, -0.1877911537885666, 0), (-0.03921153396368027, 0.9333016872406006, -0.3569459915161133, 0), (0.18617956340312958, 0.35778921842575073, 0.9150541424751282, 0), (0.1311638206243515, 1.3322311639785767, 0.15568937361240387, 1) ),
            4.0422267: ( (0.981713056564331, -0.030229995027184486, -0.1879510134458542, 0), (-0.04057455435395241, 0.9313970804214478, -0.3617362678050995, 0), (0.1859923005104065, 0.36274728178977966, 0.9131381511688232, 0), (0.13097159564495087, 1.329652190208435, 0.15538214147090912, 1) ),
            4.0745454: ( (0.9816866517066956, -0.029948808252811432, -0.18813414871692657, 0), (-0.04188457876443863, 0.9294688105583191, -0.366515189409256, 0), (0.18584150075912476, 0.3676829934120178, 0.911192774772644, 0), (0.1307794600725174, 1.3271303176879883, 0.15509885549545288, 1) ),
            4.1267693: ( (0.9816617965698242, -0.029645131900906563, -0.18831171095371246, 0), (-0.04318810999393463, 0.9275638461112976, -0.3711605370044708, 0), (0.185674250125885, 0.37248694896698, 0.909273624420166, 0), (0.1305730938911438, 1.3246487379074097, 0.15482087433338165, 1) ),
            4.1424323: ( (0.9816336035728455, -0.029391489923000336, -0.18849848210811615, 0), (-0.044443294405937195, 0.9256443977355957, -0.37577545642852783, 0), (0.18552717566490173, 0.3772512674331665, 0.9073373675346375, 0), (0.13036547601222992, 1.3222410678863525, 0.15455122292041779, 1) ),
            4.1784475: ( (0.9816038012504578, -0.029153596609830856, -0.18869048357009888, 0), (-0.045661404728889465, 0.9237504601478577, -0.3802632689476013, 0), (0.1853889524936676, 0.3818837106227875, 0.9054257869720459, 0), (0.13013958930969238, 1.3198832273483276, 0.15428481996059418, 1) ),
            4.207633: ( (0.9815717935562134, -0.02880748175084591, -0.18890994787216187, 0), (-0.04698488861322403, 0.921842098236084, -0.38470712304115295, 0), (0.18522760272026062, 0.3864935636520386, 0.9035006761550903, 0), (0.12989190220832825, 1.3175652027130127, 0.15402084589004517, 1) ),
            4.3071437: ( (0.981539249420166, -0.02848493680357933, -0.1891278624534607, 0), (-0.048258040100336075, 0.9199691414833069, -0.38900893926620483, 0), (0.18507270514965057, 0.39095449447631836, 0.9016111493110657, 0), (0.129640132188797, 1.3153154850006104, 0.15376290678977966, 1) ),
            4.3428198: ( (0.9814778566360474, -0.028177134692668915, -0.18949216604232788, 0), (-0.04958441108465195, 0.9180564880371094, -0.39333659410476685, 0), (0.18504759669303894, 0.3954470157623291, 0.8996549844741821, 0), (0.129378080368042, 1.3131256103515625, 0.15352319180965424, 1) ),
            4.3746197: ( (0.9814118146896362, -0.027866102755069733, -0.18988004326820374, 0), (-0.050908222794532776, 0.9161561727523804, -0.3975754380226135, 0), (0.18503865599632263, 0.39985164999961853, 0.8977078795433044, 0), (0.1290290355682373, 1.3108876943588257, 0.15328291058540344, 1) ),
            4.4095002: ( (0.981334388256073, -0.02752247452735901, -0.19032999873161316, 0), (-0.052270449697971344, 0.9142731428146362, -0.40171200037002563, 0), (0.1850697249174118, 0.40416237711906433, 0.895768940448761, 0), (0.12866908311843872, 1.3086897134780884, 0.1530655175447464, 1) ),
            4.4420791: ( (0.9812524318695068, -0.027222640812397003, -0.19079455733299255, 0), (-0.053582534193992615, 0.9124091267585754, -0.40575677156448364, 0), (0.18512845039367676, 0.40837302803993225, 0.8938450217247009, 0), (0.12828277051448822, 1.306517243385315, 0.1528487205505371, 1) ),
